Channel Accuracy: 10 Bits
Measurement Range 0...5V --> Resolution: 5V/2^10 = 4.9mV
Measured Single Channel at a Frequency of 500 Hz
Time (s)	Voltage (V)
0	3.056640625
0.001996	3.0908203125
0.003996	3.095703125
0.005996	3.095703125
0.007996	3.1005859375
0.009996	3.0810546875
0.011996	3.076171875
0.013996	3.076171875
0.015996	3.076171875
0.017996	3.0712890625
0.019996	3.076171875
0.021996	3.0810546875
0.023996	3.0810546875
0.025996	3.0810546875
0.027996	3.0810546875
0.029996	3.0810546875
0.031996	3.076171875
0.034	3.0712890625
0.035996	3.0712890625
0.038	3.0712890625
0.04	3.076171875
0.041996	3.0712890625
0.043996	3.076171875
0.045996	3.0810546875
0.047996	3.0810546875
0.049996	3.076171875
0.051996	3.076171875
0.053996	3.076171875
0.055996	3.0712890625
0.057996	3.0712890625
0.059996	3.0712890625
0.061996	3.0712890625
0.063996	3.076171875
0.065996	3.0810546875
0.067996	3.0810546875
0.069996	3.0810546875
0.071996	3.076171875
0.073996	3.076171875
0.075996	3.0712890625
0.078	3.06640625
0.08	3.0712890625
0.082	3.06640625
0.084	3.076171875
0.085996	3.0810546875
0.087996	3.0859375
0.089996	3.0810546875
0.091996	3.076171875
0.093996	3.076171875
0.095996	3.0712890625
0.097996	3.0615234375
0.099996	3.0712890625
0.101996	3.0712890625
0.103996	3.076171875
0.105996	3.076171875
0.107996	3.076171875
0.109996	3.0810546875
0.111996	3.076171875
0.113996	3.076171875
0.115996	3.0712890625
0.117996	3.0712890625
0.12	3.076171875
0.121996	3.0712890625
0.124	3.076171875
0.126	3.076171875
0.127996	3.076171875
0.129996	3.0810546875
0.131996	3.076171875
0.133996	3.076171875
0.135996	3.0810546875
0.137996	3.0712890625
0.139996	3.0712890625
0.141996	3.0712890625
0.143996	3.076171875
0.145996	3.0810546875
0.147996	3.0810546875
0.149996	3.0859375
0.151996	3.0810546875
0.153996	3.0810546875
0.155996	3.076171875
0.157996	3.0712890625
0.159996	3.0712890625
0.162	3.0712890625
0.163996	3.076171875
0.166	3.0810546875
0.168	3.0810546875
0.169996	3.0810546875
0.171996	3.0810546875
0.173996	3.076171875
0.175996	3.0712890625
0.177996	3.06640625
0.179996	3.0712890625
0.181996	3.0712890625
0.183996	3.076171875
0.185996	3.076171875
0.187996	3.0810546875
0.189996	3.0810546875
0.191996	3.076171875
0.193996	3.076171875
0.195996	3.076171875
0.197996	3.0712890625
0.199996	3.0712890625
0.201996	3.0712890625
0.203996	3.076171875
0.206	3.076171875
0.208	3.076171875
0.21	3.0810546875
0.212	3.076171875
0.213996	3.076171875
0.215996	3.076171875
0.217996	3.0712890625
0.219996	3.0712890625
0.221996	3.0712890625
0.223996	3.076171875
0.225996	3.076171875
0.227996	3.0810546875
0.229996	3.0810546875
0.231996	3.0810546875
0.233996	3.076171875
0.235996	3.0712890625
0.237996	3.0712890625
0.239996	3.06640625
0.241996	3.0712890625
0.243996	3.076171875
0.245996	3.0810546875
0.248	3.0810546875
0.249996	3.0810546875
0.252	3.076171875
0.254	3.076171875
0.255996	3.0712890625
0.257996	3.06640625
0.259996	3.06640625
0.261996	3.076171875
0.263996	3.076171875
0.265996	3.076171875
0.267996	3.0810546875
0.269996	3.076171875
0.271996	3.076171875
0.273996	3.076171875
0.275996	3.0712890625
0.277996	3.076171875
0.279996	3.0712890625
0.281996	3.076171875
0.283996	3.0810546875
0.285996	3.0859375
0.287996	3.0810546875
0.29	3.0810546875
0.291996	3.076171875
0.294	3.076171875
0.296	3.0712890625
0.297996	3.06640625
0.299996	3.06640625
0.301996	3.076171875
0.303996	3.076171875
0.305996	3.076171875
0.307996	3.0810546875
0.309996	3.076171875
0.311996	3.076171875
0.313996	3.0712890625
0.315996	3.0712890625
0.317996	3.0712890625
0.319996	3.0712890625
0.321996	3.076171875
0.323996	3.076171875
0.325996	3.076171875
0.327996	3.0810546875
0.329996	3.076171875
0.331996	3.076171875
0.334	3.076171875
0.336	3.0712890625
0.338	3.0712890625
0.34	3.0712890625
0.341996	3.0712890625
0.343996	3.0810546875
0.345996	3.0810546875
0.347996	3.0859375
0.349996	3.0859375
0.351996	3.076171875
0.353996	3.0712890625
0.355996	3.0712890625
0.357996	3.0712890625
0.359996	3.0712890625
0.361996	3.0712890625
0.363996	3.076171875
0.365996	3.076171875
0.367996	3.0810546875
0.369996	3.0810546875
0.371996	3.076171875
0.373996	3.076171875
0.376	3.076171875
0.377996	3.0712890625
0.38	3.0712890625
0.382	3.0712890625
0.383996	3.076171875
0.385996	3.0810546875
0.387996	3.0810546875
0.389996	3.0810546875
0.391996	3.0810546875
0.393996	3.076171875
0.395996	3.0712890625
0.397996	3.0712890625
0.399996	3.0712890625
0.401996	3.0712890625
0.403996	3.076171875
0.405996	3.076171875
0.407996	3.0810546875
0.409996	3.0810546875
0.411996	3.0810546875
0.413996	3.0810546875
0.415996	3.076171875
0.418	3.0712890625
0.419996	3.0712890625
0.422	3.0712890625
0.424	3.076171875
0.425996	3.0810546875
0.427996	3.0810546875
0.429996	3.0810546875
0.431996	3.0810546875
0.433996	3.0810546875
0.435996	3.0712890625
0.437996	3.0712890625
0.439996	3.0712890625
0.441996	3.076171875
0.443996	3.076171875
0.445996	3.076171875
0.447996	3.0810546875
0.449996	3.076171875
0.451996	3.0810546875
0.453996	3.076171875
0.455996	3.0712890625
0.457996	3.0712890625
0.459996	3.076171875
0.462	3.0712890625
0.464	3.0712890625
0.466	3.076171875
0.468	3.0810546875
0.469996	3.0810546875
0.471996	3.0810546875
0.473996	3.076171875
0.475996	3.0810546875
0.477996	3.076171875
0.479996	3.0712890625
0.481996	3.0712890625
0.483996	3.076171875
0.485996	3.076171875
0.487996	3.0810546875
0.489996	3.0810546875
0.491996	3.0810546875
0.493996	3.0712890625
0.495996	3.076171875
0.497996	3.0712890625
0.499996	3.0712890625
0.501996	3.076171875
0.504	3.076171875
0.505996	3.076171875
0.508	3.0810546875
0.51	3.0810546875
0.511996	3.076171875
0.513996	3.076171875
0.515996	3.076171875
0.517996	3.0712890625
0.519996	3.0712890625
0.521996	3.0712890625
0.523996	3.076171875
0.525996	3.0810546875
0.527996	3.0810546875
0.529996	3.0810546875
0.531996	3.076171875
0.533996	3.076171875
0.535996	3.0712890625
0.537996	3.0712890625
0.539996	3.076171875
0.541996	3.076171875
0.543996	3.0810546875
0.546	3.076171875
0.547996	3.0810546875
0.55	3.0810546875
0.552	3.0810546875
0.553996	3.076171875
0.555996	3.0712890625
0.557996	3.0712890625
0.559996	3.0712890625
0.561996	3.076171875
0.563996	3.076171875
0.565996	3.0810546875
0.567996	3.0810546875
0.569996	3.076171875
0.571996	3.0810546875
0.573996	3.076171875
0.575996	3.0712890625
0.577996	3.06640625
0.579996	3.0712890625
0.581996	3.0712890625
0.583996	3.076171875
0.585996	3.0810546875
0.587996	3.0810546875
0.59	3.0810546875
0.592	3.076171875
0.594	3.0712890625
0.596	3.0712890625
0.597996	3.06640625
0.599996	3.0712890625
0.601996	3.0712890625
0.603996	3.076171875
0.605996	3.0859375
0.607996	3.0859375
0.609996	3.0859375
0.611996	3.0859375
0.613996	3.076171875
0.615996	3.0810546875
0.617996	3.076171875
0.619996	3.0712890625
0.621996	3.0712890625
0.623996	3.076171875
0.625996	3.076171875
0.627996	3.0810546875
0.629996	3.0810546875
0.632	3.0810546875
0.633996	3.076171875
0.636	3.0712890625
0.638	3.0712890625
0.639996	3.06640625
0.641996	3.0712890625
0.643996	3.076171875
0.645996	3.0810546875
0.647996	3.0810546875
0.649996	3.06640625
0.651996	3.0810546875
0.653996	3.076171875
0.655996	3.0712890625
0.657996	3.0712890625
0.659996	3.06640625
0.661996	3.0712890625
0.663996	3.076171875
0.665996	3.0810546875
0.667996	3.0810546875
0.669996	3.0810546875
0.671996	3.076171875
0.674	3.076171875
0.675996	3.0712890625
0.678	3.0712890625
0.68	3.0712890625
0.681996	3.0712890625
0.683996	3.076171875
0.685996	3.0810546875
0.687996	3.076171875
0.689996	3.0810546875
0.691996	3.0810546875
0.693996	3.076171875
0.695996	3.0712890625
0.697996	3.06640625
0.699996	3.06640625
0.701996	3.076171875
0.703996	3.0712890625
0.705996	3.076171875
0.707996	3.0810546875
0.709996	3.0810546875
0.711996	3.076171875
0.713996	3.0810546875
0.715996	3.0712890625
0.718	3.0712890625
0.72	3.0712890625
0.722	3.076171875
0.724	3.076171875
0.725996	3.0810546875
0.727996	3.076171875
0.729996	3.0810546875
0.731996	3.0810546875
0.733996	3.076171875
0.735996	3.076171875
0.737996	3.06640625
0.739996	3.0712890625
0.741996	3.0712890625
0.743996	3.076171875
0.745996	3.0810546875
0.747996	3.0810546875
0.749996	3.0810546875
0.751996	3.0810546875
0.753996	3.076171875
0.755996	3.0712890625
0.757996	3.0712890625
0.76	3.0712890625
0.761996	3.0712890625
0.764	3.076171875
0.766	3.0810546875
0.767996	3.0810546875
0.769996	3.0810546875
0.771996	3.0810546875
0.773996	3.076171875
0.775996	3.076171875
0.777996	3.0712890625
0.779996	3.0712890625
0.781996	3.0712890625
0.783996	3.076171875
0.785996	3.0810546875
0.787996	3.0810546875
0.789996	3.0810546875
0.791996	3.076171875
0.793996	3.076171875
0.795996	3.076171875
0.797996	3.0712890625
0.799996	3.076171875
0.802	3.0712890625
0.803996	3.076171875
0.806	3.0810546875
0.808	3.0810546875
0.809996	3.0810546875
0.811996	3.0810546875
0.813996	3.06640625
0.815996	3.0712890625
0.817996	3.0712890625
0.819996	3.0712890625
0.821996	3.0712890625
0.823996	3.076171875
0.825996	3.0810546875
0.827996	3.0810546875
0.829996	3.0810546875
0.831996	3.076171875
0.833996	3.076171875
0.835996	3.076171875
0.837996	3.0712890625
0.839996	3.076171875
0.841996	3.076171875
0.843996	3.076171875
0.846	3.0810546875
0.848	3.0810546875
0.85	3.0810546875
0.852	3.0810546875
0.853996	3.076171875
0.855996	3.076171875
0.857996	3.0712890625
0.859996	3.0712890625
0.861996	3.076171875
0.863996	3.0810546875
0.865996	3.0810546875
0.867996	3.0859375
0.869996	3.076171875
0.871996	3.0859375
0.873996	3.076171875
0.875996	3.0712890625
0.877996	3.0712890625
0.879996	3.0712890625
0.881996	3.076171875
0.883996	3.076171875
0.885996	3.0908203125
0.888	3.0810546875
0.889996	3.0810546875
0.892	3.0859375
0.894	3.076171875
0.895996	3.0712890625
0.897996	3.0712890625
0.899996	3.0712890625
0.901996	3.076171875
0.903996	3.076171875
0.905996	3.076171875
0.907996	3.0810546875
0.909996	3.076171875
0.911996	3.076171875
0.913996	3.0712890625
0.915996	3.076171875
0.917996	3.076171875
0.919996	3.0712890625
0.921996	3.0712890625
0.923996	3.076171875
0.925996	3.0810546875
0.927996	3.0810546875
0.93	3.076171875
0.931996	3.0810546875
0.934	3.0712890625
0.936	3.076171875
0.937996	3.0712890625
0.939996	3.0712890625
0.941996	3.076171875
0.943996	3.0810546875
0.945996	3.076171875
0.947996	3.0810546875
0.949996	3.0810546875
0.951996	3.076171875
0.953996	3.076171875
0.955996	3.076171875
0.957996	3.0712890625
0.959996	3.0712890625
0.961996	3.0712890625
0.963996	3.076171875
0.965996	3.0810546875
0.967996	3.0859375
0.969996	3.0810546875
0.971996	3.076171875
0.974	3.076171875
0.976	3.076171875
0.978	3.0712890625
0.98	3.0712890625
0.981996	3.0712890625
0.983996	3.076171875
0.985996	3.0810546875
0.987996	3.076171875
0.989996	3.0810546875
0.991996	3.0810546875
0.993996	3.076171875
0.995996	3.076171875
0.997996	3.0712890625
0.999996	3.076171875
1.001996	3.076171875
1.003996	3.076171875
1.005996	3.076171875
1.007996	3.0810546875
1.009996	3.076171875
1.011996	3.0810546875
1.013996	3.076171875
1.016	3.0712890625
1.017996	3.0712890625
1.02	3.0712890625
1.022	3.076171875
1.023996	3.076171875
1.025996	3.0810546875
1.027996	3.076171875
1.029996	3.0810546875
1.031996	3.0810546875
1.033996	3.076171875
1.035996	3.0712890625
1.037996	3.0712890625
1.039996	3.0712890625
1.041996	3.0712890625
1.043996	3.076171875
1.045996	3.0810546875
1.047996	3.0810546875
1.049996	3.0810546875
1.051996	3.0810546875
1.053996	3.076171875
1.055996	3.0712890625
1.058	3.0712890625
1.059996	3.0712890625
1.062	3.0810546875
1.064	3.076171875
1.065996	3.0810546875
1.067996	3.0859375
1.069996	3.0810546875
1.071996	3.0859375
1.073996	3.076171875
1.075996	3.076171875
1.077996	3.0712890625
1.079996	3.0712890625
1.081996	3.0712890625
1.083996	3.076171875
1.085996	3.076171875
1.087996	3.0810546875
1.089996	3.0810546875
1.091996	3.076171875
1.093996	3.076171875
1.095996	3.076171875
1.097996	3.0712890625
1.099996	3.06640625
1.102	3.0712890625
1.104	3.076171875
1.106	3.076171875
1.108	3.0810546875
1.109996	3.0810546875
1.111996	3.076171875
1.113996	3.076171875
1.115996	3.0712890625
1.117996	3.076171875
1.119996	3.076171875
1.121996	3.076171875
1.123996	3.0810546875
1.125996	3.0810546875
1.127996	3.0810546875
1.129996	3.0810546875
1.131996	3.076171875
1.133996	3.076171875
1.135996	3.0712890625
1.137996	3.0712890625
1.139996	3.06640625
1.141996	3.076171875
1.144	3.0810546875
1.145996	3.0810546875
1.148	3.0859375
1.15	3.0810546875
1.151996	3.0810546875
1.153996	3.076171875
1.155996	3.0712890625
1.157996	3.06640625
1.159996	3.0712890625
1.161996	3.076171875
1.163996	3.076171875
1.165996	3.076171875
1.167996	3.076171875
1.169996	3.0810546875
1.171996	3.076171875
1.173996	3.076171875
1.175996	3.0712890625
1.177996	3.0712890625
1.179996	3.0712890625
1.181996	3.0712890625
1.183996	3.076171875
1.186	3.076171875
1.187996	3.0810546875
1.19	3.0810546875
1.192	3.0810546875
1.193996	3.076171875
1.195996	3.076171875
1.197996	3.06640625
1.199996	3.076171875
1.201996	3.0712890625
1.203996	3.0810546875
1.205996	3.0810546875
1.207996	3.0810546875
1.209996	3.0859375
1.211996	3.0810546875
1.213996	3.076171875
1.215996	3.0712890625
1.217996	3.0712890625
1.219996	3.056640625
1.221996	3.0712890625
1.223996	3.076171875
1.225996	3.0810546875
1.227996	3.0810546875
1.23	3.0810546875
1.232	3.0810546875
1.234	3.0712890625
1.236	3.0712890625
1.237996	3.0712890625
1.239996	3.0712890625
1.241996	3.0712890625
1.243996	3.076171875
1.245996	3.0810546875
1.247996	3.0859375
1.249996	3.0810546875
1.251996	3.076171875
1.253996	3.076171875
1.255996	3.0712890625
1.257996	3.0712890625
1.259996	3.0712890625
1.261996	3.0712890625
1.263996	3.0810546875
1.265996	3.076171875
1.267996	3.076171875
1.269996	3.0712890625
1.272	3.06640625
1.273996	3.0615234375
1.276	3.056640625
1.278	3.0517578125
1.279996	3.0419921875
1.281996	3.0419921875
1.283996	3.046875
1.285996	3.046875
1.287996	3.046875
1.289996	3.046875
1.291996	3.046875
1.293996	3.0517578125
1.295996	3.046875
1.297996	3.037109375
1.299996	3.0419921875
1.301996	3.0419921875
1.303996	3.046875
1.305996	3.0517578125
1.307996	3.046875
1.309996	3.0517578125
1.311996	3.0517578125
1.314	3.046875
1.315996	3.0419921875
1.318	3.0419921875
1.32	3.0419921875
1.321996	3.0419921875
1.323996	3.046875
1.325996	3.046875
1.327996	3.056640625
1.329996	3.056640625
1.331996	3.0517578125
1.333996	3.0517578125
1.335996	3.046875
1.337996	3.0419921875
1.339996	3.046875
1.341996	3.0517578125
1.343996	3.0517578125
1.345996	3.0615234375
1.347996	3.06640625
1.349996	3.06640625
1.351996	3.06640625
1.353996	3.06640625
1.355996	3.0712890625
1.358	3.0712890625
1.36	3.0810546875
1.362	3.0810546875
1.364	3.0908203125
1.365996	3.0908203125
1.367996	3.1005859375
1.369996	3.1103515625
1.371996	3.10546875
1.373996	3.1103515625
1.375996	3.10546875
1.377996	3.1103515625
1.379996	3.115234375
1.381996	3.1201171875
1.383996	3.125
1.385996	3.1298828125
1.387996	3.1396484375
1.389996	3.1396484375
1.391996	3.1396484375
1.393996	3.1396484375
1.395996	3.154296875
1.397996	3.1494140625
1.4	3.154296875
1.401996	3.1591796875
1.404	3.1640625
1.406	3.1787109375
1.407996	3.1787109375
1.409996	3.1884765625
1.411996	3.1884765625
1.413996	3.18359375
1.415996	3.18359375
1.417996	3.1884765625
1.419996	3.1884765625
1.421996	3.1884765625
1.423996	3.1982421875
1.425996	3.2080078125
1.427996	3.212890625
1.429996	3.2177734375
1.431996	3.212890625
1.433996	3.22265625
1.435996	3.22265625
1.437996	3.22265625
1.439996	3.2275390625
1.442	3.232421875
1.443996	3.2470703125
1.446	3.2470703125
1.448	3.251953125
1.449996	3.26171875
1.451996	3.26171875
1.453996	3.26171875
1.455996	3.2666015625
1.457996	3.271484375
1.459996	3.2666015625
1.461996	3.2763671875
1.463996	3.2861328125
1.465996	3.2861328125
1.467996	3.2958984375
1.469996	3.2958984375
1.471996	3.2958984375
1.473996	3.2958984375
1.475996	3.30078125
1.477996	3.3056640625
1.479996	3.3056640625
1.481996	3.310546875
1.483996	3.3154296875
1.486	3.3251953125
1.488	3.3349609375
1.49	3.330078125
1.492	3.3349609375
1.493996	3.3349609375
1.495996	3.33984375
1.497996	3.33984375
1.499996	3.33984375
1.501996	3.3544921875
1.503996	3.359375
1.505996	3.359375
1.507996	3.3642578125
1.509996	3.3642578125
1.511996	3.3642578125
1.513996	3.359375
1.515996	3.359375
1.517996	3.3544921875
1.519996	3.369140625
1.521996	3.3740234375
1.523996	3.388671875
1.525996	3.3935546875
1.528	3.3935546875
1.529996	3.3984375
1.532	3.4033203125
1.534	3.408203125
1.535996	3.408203125
1.537996	3.4033203125
1.539996	3.4130859375
1.541996	3.4130859375
1.543996	3.4228515625
1.545996	3.4326171875
1.547996	3.4375
1.549996	3.4423828125
1.551996	3.447265625
1.553996	3.4521484375
1.555996	3.447265625
1.557996	3.4521484375
1.559996	3.45703125
1.561996	3.466796875
1.563996	3.4814453125
1.565996	3.4814453125
1.567996	3.49609375
1.57	3.505859375
1.571996	3.5009765625
1.574	3.5009765625
1.576	3.505859375
1.577996	3.5009765625
1.579996	3.505859375
1.581996	3.525390625
1.583996	3.5302734375
1.585996	3.5400390625
1.587996	3.544921875
1.589996	3.5498046875
1.591996	3.5546875
1.593996	3.5595703125
1.595996	3.5546875
1.597996	3.5546875
1.599996	3.5595703125
1.601996	3.564453125
1.603996	3.57421875
1.605996	3.57421875
1.607996	3.5791015625
1.609996	3.5888671875
1.611996	3.583984375
1.614	3.5791015625
1.616	3.5888671875
1.618	3.583984375
1.62	3.5791015625
1.621996	3.59375
1.623996	3.59375
1.625996	3.5986328125
1.627996	3.5986328125
1.629996	3.5986328125
1.631996	3.59375
1.633996	3.59375
1.635996	3.5888671875
1.637996	3.5888671875
1.639996	3.59375
1.641996	3.5986328125
1.643996	3.5986328125
1.645996	3.603515625
1.647996	3.5986328125
1.649996	3.59375
1.651996	3.5986328125
1.653996	3.59375
1.656	3.59375
1.657996	3.59375
1.66	3.5888671875
1.662	3.5888671875
1.663996	3.5986328125
1.665996	3.5986328125
1.667996	3.603515625
1.669996	3.5986328125
1.671996	3.5986328125
1.673996	3.5888671875
1.675996	3.59375
1.677996	3.583984375
1.679996	3.5888671875
1.681996	3.59375
1.683996	3.5986328125
1.685996	3.603515625
1.687996	3.61328125
1.689996	3.61328125
1.691996	3.61328125
1.693996	3.61328125
1.695996	3.61328125
1.698	3.6181640625
1.699996	3.6181640625
1.702	3.6279296875
1.704	3.6328125
1.705996	3.642578125
1.707996	3.6474609375
1.709996	3.6572265625
1.711996	3.65234375
1.713996	3.65234375
1.715996	3.65234375
1.717996	3.65234375
1.719996	3.662109375
1.721996	3.6669921875
1.723996	3.681640625
1.725996	3.6865234375
1.727996	3.6865234375
1.729996	3.69140625
1.731996	3.6962890625
1.733996	3.6962890625
1.735996	3.6962890625
1.737996	3.6962890625
1.739996	3.7060546875
1.742	3.7158203125
1.744	3.7255859375
1.746	3.73046875
1.748	3.740234375
1.749996	3.740234375
1.751996	3.7353515625
1.753996	3.740234375
1.755996	3.740234375
1.757996	3.740234375
1.759996	3.7451171875
1.761996	3.75
1.763996	3.7548828125
1.765996	3.76953125
1.767996	3.7744140625
1.769996	3.7744140625
1.771996	3.76953125
1.773996	3.779296875
1.775996	3.7646484375
1.777996	3.76953125
1.779996	3.76953125
1.781996	3.7744140625
1.784	3.7841796875
1.785996	3.7890625
1.788	3.7890625
1.79	3.7939453125
1.791996	3.779296875
1.793996	3.759765625
1.795996	3.7451171875
1.797996	3.7158203125
1.799996	3.6572265625
1.801996	3.5595703125
1.803996	3.4375
1.805996	3.330078125
1.807996	3.1640625
1.809996	2.9931640625
1.811996	2.8271484375
1.813996	2.6953125
1.815996	2.5732421875
1.817996	2.48046875
1.819996	2.44140625
1.821996	2.4462890625
1.823996	2.4951171875
1.826	2.5830078125
1.827996	2.7099609375
1.83	2.8515625
1.832	3.0029296875
1.833996	3.1591796875
1.835996	3.3203125
1.837996	3.427734375
1.839996	3.525390625
1.841996	3.603515625
1.843996	3.6474609375
1.845996	3.642578125
1.847996	3.5986328125
1.849996	3.515625
1.851996	3.408203125
1.853996	3.26171875
1.855996	3.1298828125
1.857996	2.978515625
1.859996	2.83203125
1.861996	2.685546875
1.863996	2.607421875
1.865996	2.529296875
1.867996	2.5048828125
1.87	2.5146484375
1.872	2.5732421875
1.874	2.6416015625
1.876	2.763671875
1.877996	2.9052734375
1.879996	3.017578125
1.881996	3.173828125
1.883996	3.3154296875
1.885996	3.427734375
1.887996	3.5205078125
1.889996	3.57421875
1.891996	3.59375
1.893996	3.57421875
1.895996	3.515625
1.897996	3.4228515625
1.899996	3.3447265625
1.901996	3.22265625
1.903996	3.076171875
1.905996	2.9443359375
1.907996	2.8173828125
1.909996	2.7099609375
1.912	2.626953125
1.913996	2.568359375
1.916	2.548828125
1.918	2.5732421875
1.919996	2.6220703125
1.921996	2.705078125
1.923996	2.8271484375
1.925996	2.9638671875
1.927996	3.076171875
1.929996	3.2080078125
1.931996	3.330078125
1.933996	3.41796875
1.935996	3.486328125
1.937996	3.525390625
1.939996	3.5400390625
1.941996	3.505859375
1.943996	3.45703125
1.945996	3.3935546875
1.947996	3.2958984375
1.949996	3.1787109375
1.951996	3.0419921875
1.954	2.9150390625
1.955996	2.8173828125
1.958	2.705078125
1.96	2.6318359375
1.961996	2.59765625
1.963996	2.578125
1.965996	2.626953125
1.967996	2.685546875
1.969996	2.783203125
1.971996	2.87109375
1.973996	2.9931640625
1.975996	3.1201171875
1.977996	3.232421875
1.979996	3.3349609375
1.981996	3.408203125
1.983996	3.4765625
1.985996	3.505859375
1.987996	3.505859375
1.989996	3.4765625
1.991996	3.41796875
1.993996	3.3349609375
1.995996	3.232421875
1.998	3.115234375
2.0	2.998046875
2.002	2.900390625
2.004	2.802734375
2.005996	2.71484375
2.007996	2.65625
2.009996	2.63671875
2.011996	2.6416015625
2.013996	2.6708984375
2.015996	2.7392578125
2.017996	2.8173828125
2.019996	2.919921875
2.021996	3.0419921875
2.023996	3.1591796875
2.025996	3.2470703125
2.027996	3.33984375
2.029996	3.408203125
2.031996	3.4521484375
2.033996	3.4765625
2.035996	3.4521484375
2.037996	3.4130859375
2.04	3.3642578125
2.041996	3.271484375
2.044	3.18359375
2.046	3.0908203125
2.047996	2.9931640625
2.049996	2.8759765625
2.051996	2.79296875
2.053996	2.7197265625
2.055996	2.6708984375
2.057996	2.646484375
2.059996	2.67578125
2.061996	2.7197265625
2.063996	2.79296875
2.065996	2.8759765625
2.067996	2.9931640625
2.069996	3.095703125
2.071996	3.1787109375
2.073996	3.2666015625
2.075996	3.3349609375
2.077996	3.3984375
2.079996	3.41796875
2.082	3.4375
2.083996	3.4130859375
2.086	3.3837890625
2.088	3.3203125
2.089996	3.232421875
2.091996	3.154296875
2.093996	3.0419921875
2.095996	2.9443359375
2.097996	2.8466796875
2.099996	2.7734375
2.101996	2.7294921875
2.103996	2.6953125
2.105996	2.6953125
2.107996	2.724609375
2.109996	2.7685546875
2.111996	2.8466796875
2.113996	2.939453125
2.115996	3.0126953125
2.117996	3.10546875
2.119996	3.2080078125
2.121996	3.2861328125
2.123996	3.3544921875
2.126	3.4033203125
2.128	3.41796875
2.13	3.4130859375
2.132	3.388671875
2.133996	3.330078125
2.135996	3.2568359375
2.137996	3.18359375
2.139996	3.10546875
2.141996	3.0078125
2.143996	2.9150390625
2.145996	2.841796875
2.147996	2.79296875
2.149996	2.7392578125
2.151996	2.724609375
2.153996	2.724609375
2.155996	2.7587890625
2.157996	2.8125
2.159996	2.8857421875
2.161996	2.9833984375
2.163996	3.06640625
2.165996	3.14453125
2.168	3.2373046875
2.169996	3.310546875
2.172	3.359375
2.174	3.388671875
2.175996	3.3935546875
2.177996	3.3837890625
2.179996	3.3447265625
2.181996	3.291015625
2.183996	3.22265625
2.185996	3.14453125
2.187996	3.0712890625
2.189996	2.98828125
2.191996	2.8955078125
2.193996	2.8271484375
2.195996	2.783203125
2.197996	2.7392578125
2.199996	2.734375
2.201996	2.7587890625
2.203996	2.802734375
2.205996	2.8564453125
2.207996	2.9443359375
2.21	3.017578125
2.211996	3.10546875
2.214	3.173828125
2.216	3.2470703125
2.217996	3.3056640625
2.219996	3.3447265625
2.221996	3.369140625
2.223996	3.37890625
2.225996	3.3544921875
2.227996	3.3203125
2.229996	3.2568359375
2.231996	3.1884765625
2.233996	3.10546875
2.235996	3.0224609375
2.237996	2.94921875
2.239996	2.87109375
2.241996	2.822265625
2.243996	2.79296875
2.245996	2.763671875
2.247996	2.7783203125
2.249996	2.8125
2.251996	2.8466796875
2.254	2.91015625
2.256	2.978515625
2.258	3.056640625
2.26	3.134765625
2.261996	3.193359375
2.263996	3.2666015625
2.265996	3.3203125
2.267996	3.349609375
2.269996	3.359375
2.271996	3.3447265625
2.273996	3.3251953125
2.275996	3.2666015625
2.277996	3.2080078125
2.279996	3.134765625
2.281996	3.06640625
2.283996	2.998046875
2.285996	2.9296875
2.287996	2.8662109375
2.289996	2.822265625
2.291996	2.7978515625
2.293996	2.79296875
2.296	2.802734375
2.297996	2.8271484375
2.3	2.87109375
2.302	2.9443359375
2.303996	3.0078125
2.305996	3.095703125
2.307996	3.173828125
2.309996	3.2275390625
2.311996	3.28125
2.313996	3.3154296875
2.315996	3.33984375
2.317996	3.330078125
2.319996	3.3203125
2.321996	3.2861328125
2.323996	3.2373046875
2.325996	3.18359375
2.327996	3.1103515625
2.329996	3.037109375
2.331996	2.978515625
2.333996	2.9052734375
2.335996	2.8466796875
2.338	2.8125
2.339996	2.7978515625
2.342	2.802734375
2.344	2.8271484375
2.345996	2.87109375
2.347996	2.919921875
2.349996	2.9931640625
2.351996	3.0517578125
2.353996	3.1298828125
2.355996	3.193359375
2.357996	3.2421875
2.359996	3.28125
2.361996	3.3154296875
2.363996	3.3251953125
2.365996	3.3203125
2.367996	3.2958984375
2.369996	3.26171875
2.371996	3.212890625
2.373996	3.134765625
2.375996	3.076171875
2.377996	3.0078125
2.379996	2.94921875
2.382	2.8759765625
2.384	2.8466796875
2.386	2.8271484375
2.388	2.822265625
2.389996	2.83203125
2.391996	2.8564453125
2.393996	2.9052734375
2.395996	2.9638671875
2.397996	3.0029296875
2.399996	3.0859375
2.401996	3.14453125
2.403996	3.212890625
2.405996	3.2763671875
2.407996	3.2958984375
2.409996	3.3203125
2.411996	3.3203125
2.413996	3.2958984375
2.415996	3.2666015625
2.417996	3.22265625
2.419996	3.1640625
2.421996	3.10546875
2.424	3.037109375
2.425996	2.9833984375
2.428	2.9296875
2.43	2.880859375
2.431996	2.841796875
2.433996	2.8271484375
2.435996	2.8271484375
2.437996	2.841796875
2.439996	2.880859375
2.441996	2.939453125
2.443996	3.0078125
2.445996	3.046875
2.447996	3.115234375
2.449996	3.1884765625
2.451996	3.232421875
2.453996	3.2666015625
2.455996	3.291015625
2.457996	3.2958984375
2.459996	3.2861328125
2.461996	3.2666015625
2.463996	3.232421875
2.466	3.193359375
2.467996	3.1396484375
2.47	3.0810546875
2.472	3.0078125
2.473996	2.9541015625
2.475996	2.9052734375
2.477996	2.861328125
2.479996	2.8369140625
2.481996	2.8369140625
2.483996	2.8515625
2.485996	2.87109375
2.487996	2.9248046875
2.489996	2.978515625
2.491996	3.0322265625
2.493996	3.0859375
2.495996	3.134765625
2.497996	3.1982421875
2.499996	3.2373046875
2.501996	3.271484375
2.503996	3.2958984375
2.505996	3.30078125
2.507996	3.2861328125
2.51	3.2568359375
2.512	3.212890625
2.514	3.1591796875
2.516	3.1005859375
2.517996	3.0322265625
2.519996	2.9833984375
2.521996	2.9296875
2.523996	2.900390625
2.525996	2.861328125
2.527996	2.8515625
2.529996	2.8515625
2.531996	2.87109375
2.533996	2.900390625
2.535996	2.9443359375
2.537996	2.998046875
2.539996	3.0615234375
2.541996	3.1103515625
2.543996	3.173828125
2.545996	3.212890625
2.547996	3.26171875
2.549996	3.28125
2.552	3.291015625
2.553996	3.2763671875
2.556	3.251953125
2.558	3.2177734375
2.559996	3.1689453125
2.561996	3.1201171875
2.563996	3.076171875
2.565996	3.0126953125
2.567996	2.9638671875
2.569996	2.9150390625
2.571996	2.890625
2.573996	2.8564453125
2.575996	2.8515625
2.577996	2.861328125
2.579996	2.880859375
2.581996	2.9345703125
2.583996	2.9833984375
2.585996	3.037109375
2.587996	3.1005859375
2.589996	3.1396484375
2.591996	3.1982421875
2.594	3.232421875
2.595996	3.26171875
2.598	3.271484375
2.6	3.271484375
2.601996	3.2568359375
2.603996	3.232421875
2.605996	3.1982421875
2.607996	3.154296875
2.609996	3.095703125
2.611996	3.037109375
2.613996	2.98828125
2.615996	2.9345703125
2.617996	2.900390625
2.619996	2.8662109375
2.621996	2.861328125
2.623996	2.8662109375
2.625996	2.8857421875
2.627996	2.9248046875
2.629996	2.96875
2.631996	3.017578125
2.633996	3.0712890625
2.635996	3.115234375
2.638	3.1640625
2.64	3.203125
2.642	3.2421875
2.644	3.2666015625
2.645996	3.271484375
2.647996	3.271484375
2.649996	3.2421875
2.651996	3.2080078125
2.653996	3.1591796875
2.655996	3.1201171875
2.657996	3.0615234375
2.659996	3.0029296875
2.661996	2.958984375
2.663996	2.919921875
2.665996	2.8955078125
2.667996	2.8759765625
2.669996	2.87109375
2.671996	2.8857421875
2.673996	2.91015625
2.675996	2.9443359375
2.677996	2.9931640625
2.68	3.037109375
2.681996	3.0859375
2.684	3.1396484375
2.686	3.1982421875
2.687996	3.2275390625
2.689996	3.2568359375
2.691996	3.2666015625
2.693996	3.26171875
2.695996	3.2421875
2.697996	3.2080078125
2.699996	3.1787109375
2.701996	3.1396484375
2.703996	3.1005859375
2.705996	3.037109375
2.707996	2.998046875
2.709996	2.94921875
2.711996	2.9150390625
2.713996	2.8857421875
2.715996	2.87109375
2.717996	2.8759765625
2.719996	2.8955078125
2.722	2.9345703125
2.723996	2.9833984375
2.726	3.02734375
2.728	3.076171875
2.729996	3.125
2.731996	3.173828125
2.733996	3.2080078125
2.735996	3.232421875
2.737996	3.2421875
2.739996	3.251953125
2.741996	3.2470703125
2.743996	3.22265625
2.745996	3.1982421875
2.747996	3.1640625
2.749996	3.115234375
2.751996	3.056640625
2.753996	3.0029296875
2.755996	2.96875
2.757996	2.9345703125
2.759996	2.8955078125
2.761996	2.880859375
2.763996	2.8857421875
2.766	2.8955078125
2.768	2.9296875
2.77	2.9638671875
2.772	3.0078125
2.773996	3.037109375
2.775996	3.095703125
2.777996	3.134765625
2.779996	3.18359375
2.781996	3.2177734375
2.783996	3.2421875
2.785996	3.251953125
2.787996	3.2568359375
2.789996	3.232421875
2.791996	3.212890625
2.793996	3.1787109375
2.795996	3.125
2.797996	3.0712890625
2.799996	3.0224609375
2.801996	2.98828125
2.803996	2.94921875
2.805996	2.919921875
2.808	2.91015625
2.809996	2.890625
2.812	2.900390625
2.814	2.9150390625
2.815996	2.94921875
2.817996	2.98828125
2.819996	3.0322265625
2.821996	3.076171875
2.823996	3.1201171875
2.825996	3.173828125
2.827996	3.2080078125
2.829996	3.232421875
2.831996	3.251953125
2.833996	3.2470703125
2.835996	3.2373046875
2.837996	3.2080078125
2.839996	3.1787109375
2.841996	3.14453125
2.843996	3.10546875
2.845996	3.0517578125
2.847996	3.0126953125
2.85	2.9736328125
2.851996	2.9443359375
2.854	2.919921875
2.856	2.900390625
2.857996	2.8955078125
2.859996	2.9052734375
2.861996	2.939453125
2.863996	2.9736328125
2.865996	3.0126953125
2.867996	3.0517578125
2.869996	3.10546875
2.871996	3.14453125
2.873996	3.1884765625
2.875996	3.2080078125
2.877996	3.2275390625
2.879996	3.232421875
2.881996	3.232421875
2.883996	3.2177734375
2.885996	3.1982421875
2.887996	3.1640625
2.889996	3.1298828125
2.891996	3.0810546875
2.894	3.0224609375
2.896	2.98828125
2.898	2.9541015625
2.9	2.9150390625
2.901996	2.9052734375
2.903996	2.9052734375
2.905996	2.91015625
2.907996	2.9345703125
2.909996	2.9638671875
2.911996	2.998046875
2.913996	3.037109375
2.915996	3.076171875
2.917996	3.115234375
2.919996	3.1640625
2.921996	3.1982421875
2.923996	3.2177734375
2.925996	3.2373046875
2.927996	3.2421875
2.929996	3.2275390625
2.931996	3.1982421875
2.933996	3.173828125
2.936	3.1298828125
2.937996	3.095703125
2.94	3.0419921875
2.942	3.0029296875
2.943996	2.96875
2.945996	2.94921875
2.947996	2.9248046875
2.949996	2.919921875
2.951996	2.91015625
2.953996	2.9248046875
2.955996	2.9443359375
2.957996	2.978515625
2.959996	3.0126953125
2.961996	3.0615234375
2.963996	3.1103515625
2.965996	3.1396484375
2.967996	3.1884765625
2.969996	3.212890625
2.971996	3.22265625
2.973996	3.2275390625
2.975996	3.2177734375
2.978	3.203125
2.979996	3.1884765625
2.982	3.14453125
2.984	3.10546875
2.985996	3.0810546875
2.987996	3.0322265625
2.989996	2.998046875
2.991996	2.958984375
2.993996	2.9345703125
2.995996	2.9150390625
2.997996	2.91015625
2.999996	2.919921875
3.001996	2.9443359375
3.003996	2.9638671875
3.005996	3.0029296875
3.007996	3.0419921875
3.009996	3.095703125
3.011996	3.1298828125
3.013996	3.1591796875
3.015996	3.193359375
3.017996	3.2080078125
3.019996	3.212890625
3.022	3.2177734375
3.024	3.2080078125
3.026	3.1982421875
3.028	3.173828125
3.029996	3.134765625
3.031996	3.095703125
3.033996	3.046875
3.035996	3.0029296875
3.037996	2.96875
3.039996	2.939453125
3.041996	2.919921875
3.043996	2.9150390625
3.045996	2.919921875
3.047996	2.9443359375
3.049996	2.9638671875
3.051996	2.998046875
3.053996	3.017578125
3.055996	3.0615234375
3.057996	3.1005859375
3.059996	3.1396484375
3.061996	3.1787109375
3.064	3.203125
3.065996	3.212890625
3.068	3.2275390625
3.07	3.212890625
3.071996	3.1982421875
3.073996	3.18359375
3.075996	3.134765625
3.077996	3.10546875
3.079996	3.0615234375
3.081996	3.0224609375
3.083996	2.9931640625
3.085996	2.958984375
3.087996	2.939453125
3.089996	2.9248046875
3.091996	2.9248046875
3.093996	2.9296875
3.095996	2.94921875
3.097996	2.978515625
3.099996	3.0078125
3.101996	3.0419921875
3.103996	3.0908203125
3.106	3.1298828125
3.107996	3.1689453125
3.11	3.203125
3.112	3.2177734375
3.113996	3.212890625
3.115996	3.2080078125
3.117996	3.1982421875
3.119996	3.18359375
3.121996	3.1494140625
3.123996	3.125
3.125996	3.0859375
3.127996	3.037109375
3.129996	3.0126953125
3.131996	2.9833984375
3.133996	2.94921875
3.135996	2.9345703125
3.137996	2.919921875
3.139996	2.9296875
3.141996	2.9443359375
3.143996	2.9638671875
3.145996	3.0029296875
3.147996	3.037109375
3.15	3.0810546875
3.152	3.1103515625
3.154	3.1396484375
3.156	3.173828125
3.157996	3.193359375
3.159996	3.2080078125
3.161996	3.2177734375
3.163996	3.203125
3.165996	3.193359375
3.167996	3.1787109375
3.169996	3.134765625
3.171996	3.1005859375
3.173996	3.0615234375
3.175996	3.017578125
3.177996	2.98828125
3.179996	2.958984375
3.181996	2.9443359375
3.183996	2.9296875
3.185996	2.9345703125
3.187996	2.9443359375
3.189996	2.96875
3.192	2.9931640625
3.193996	3.0078125
3.196	3.046875
3.198	3.0908203125
3.199996	3.125
3.201996	3.154296875
3.203996	3.1884765625
3.205996	3.2080078125
3.207996	3.212890625
3.209996	3.212890625
3.211996	3.1982421875
3.213996	3.18359375
3.215996	3.14453125
3.217996	3.10546875
3.219996	3.076171875
3.221996	3.0322265625
3.223996	3.0078125
3.225996	2.98828125
3.227996	2.9638671875
3.229996	2.94921875
3.231996	2.9443359375
3.234	2.939453125
3.235996	2.9541015625
3.238	2.9736328125
3.24	3.0029296875
3.241996	3.0322265625
3.243996	3.076171875
3.245996	3.115234375
3.247996	3.154296875
3.249996	3.18359375
3.251996	3.1982421875
3.253996	3.203125
3.255996	3.203125
3.257996	3.1982421875
3.259996	3.1787109375
3.261996	3.1591796875
3.263996	3.125
3.265996	3.095703125
3.267996	3.0517578125
3.269996	3.017578125
3.271996	2.998046875
3.273996	2.9638671875
3.275996	2.9443359375
3.278	2.9345703125
3.28	2.9345703125
3.282	2.9443359375
3.284	2.96875
3.285996	2.998046875
3.287996	3.02734375
3.289996	3.0615234375
3.291996	3.095703125
3.293996	3.1298828125
3.295996	3.1591796875
3.297996	3.18359375
3.299996	3.193359375
3.301996	3.203125
3.303996	3.203125
3.305996	3.1982421875
3.307996	3.173828125
3.309996	3.1396484375
3.311996	3.1103515625
3.313996	3.076171875
3.315996	3.02734375
3.317996	2.998046875
3.32	2.9833984375
3.321996	2.9541015625
3.324	2.9443359375
3.326	2.9443359375
3.327996	2.958984375
3.329996	2.9638671875
3.331996	2.9931640625
3.333996	3.0126953125
3.335996	3.0419921875
3.337996	3.0712890625
3.339996	3.10546875
3.341996	3.134765625
3.343996	3.173828125
3.345996	3.193359375
3.347996	3.203125
3.349996	3.203125
3.351996	3.1982421875
3.353996	3.173828125
3.355996	3.14453125
3.357996	3.1103515625
3.359996	3.0859375
3.362	3.0419921875
3.363996	3.0126953125
3.366	2.998046875
3.368	2.96875
3.369996	2.9638671875
3.371996	2.94921875
3.373996	2.94921875
3.375996	2.9541015625
3.377996	2.978515625
3.379996	2.998046875
3.381996	3.0224609375
3.383996	3.06640625
3.385996	3.10546875
3.387996	3.1298828125
3.389996	3.1591796875
3.391996	3.1884765625
3.393996	3.193359375
3.395996	3.193359375
3.397996	3.193359375
3.399996	3.1787109375
3.401996	3.154296875
3.403996	3.125
3.406	3.1005859375
3.408	3.076171875
3.41	3.0322265625
3.412	3.0078125
3.413996	2.98828125
3.415996	2.9541015625
3.417996	2.94921875
3.419996	2.9443359375
3.421996	2.9541015625
3.423996	2.9736328125
3.425996	2.998046875
3.427996	3.017578125
3.429996	3.0517578125
3.431996	3.0908203125
3.433996	3.1201171875
3.435996	3.1396484375
3.437996	3.1689453125
3.439996	3.18359375
3.441996	3.193359375
3.443996	3.1982421875
3.445996	3.1884765625
3.448	3.173828125
3.449996	3.14453125
3.452	3.1201171875
3.454	3.0810546875
3.455996	3.0419921875
3.457996	3.0078125
3.459996	2.98828125
3.461996	2.96875
3.463996	2.9638671875
3.465996	2.9541015625
3.467996	2.958984375
3.469996	2.9736328125
3.471996	2.98828125
3.473996	3.0078125
3.475996	3.02734375
3.477996	3.0712890625
3.479996	3.10546875
3.481996	3.125
3.483996	3.1591796875
3.485996	3.1787109375
3.487996	3.1982421875
3.49	3.1982421875
3.491996	3.193359375
3.494	3.173828125
3.496	3.1494140625
3.497996	3.125
3.499996	3.0908203125
3.501996	3.056640625
3.503996	3.0224609375
3.505996	3.0078125
3.507996	2.9931640625
3.509996	2.9638671875
3.511996	2.958984375
3.513996	2.958984375
3.515996	2.958984375
3.517996	2.9736328125
3.519996	2.998046875
3.521996	3.0224609375
3.523996	3.0517578125
3.525996	3.0908203125
3.527996	3.125
3.529996	3.154296875
3.531996	3.1689453125
3.534	3.18359375
3.536	3.1884765625
3.538	3.18359375
3.54	3.173828125
3.541996	3.1591796875
3.543996	3.1298828125
3.545996	3.115234375
3.547996	3.0859375
3.549996	3.046875
3.551996	3.0126953125
3.553996	2.998046875
3.555996	2.978515625
3.557996	2.958984375
3.559996	2.9541015625
3.561996	2.958984375
3.563996	2.9736328125
3.565996	2.998046875
3.567996	3.017578125
3.569996	3.0517578125
3.571996	3.0810546875
3.573996	3.1005859375
3.576	3.125
3.577996	3.154296875
3.58	3.173828125
3.582	3.1787109375
3.583996	3.1884765625
3.585996	3.1884765625
3.587996	3.173828125
3.589996	3.14453125
3.591996	3.1201171875
3.593996	3.095703125
3.595996	3.056640625
3.597996	3.017578125
3.599996	2.998046875
3.601996	2.9833984375
3.603996	2.96875
3.605996	2.9638671875
3.607996	2.9638671875
3.609996	2.978515625
3.611996	2.98828125
3.613996	3.0078125
3.615996	3.02734375
3.618	3.056640625
3.619996	3.0908203125
3.622	3.115234375
3.624	3.1494140625
3.625996	3.1689453125
3.627996	3.18359375
3.629996	3.193359375
3.631996	3.1884765625
3.633996	3.1689453125
3.635996	3.14453125
3.637996	3.1201171875
3.639996	3.1005859375
3.641996	3.076171875
3.643996	3.037109375
3.645996	3.017578125
3.647996	2.998046875
3.649996	2.9833984375
3.651996	2.9736328125
3.653996	2.958984375
3.655996	2.9638671875
3.657996	2.9833984375
3.659996	2.9931640625
3.662	3.0126953125
3.664	3.0419921875
3.666	3.0810546875
3.668	3.115234375
3.669996	3.1298828125
3.671996	3.154296875
3.673996	3.173828125
3.675996	3.1787109375
3.677996	3.173828125
3.679996	3.173828125
3.681996	3.154296875
3.683996	3.1396484375
3.685996	3.1201171875
3.687996	3.0908203125
3.689996	3.0615234375
3.691996	3.0322265625
3.693996	3.0029296875
3.695996	2.9833984375
3.697996	2.96875
3.699996	2.9638671875
3.701996	2.9638671875
3.704	2.978515625
3.705996	2.998046875
3.708	3.0078125
3.71	3.0419921875
3.711996	3.0712890625
3.713996	3.095703125
3.715996	3.1201171875
3.717996	3.134765625
3.719996	3.154296875
3.721996	3.173828125
3.723996	3.18359375
3.725996	3.1787109375
3.727996	3.1689453125
3.729996	3.154296875
3.731996	3.1298828125
3.733996	3.095703125
3.735996	3.06640625
3.737996	3.0322265625
3.739996	3.0029296875
3.741996	2.9931640625
3.743996	2.978515625
3.746	2.96875
3.747996	2.9736328125
3.75	2.978515625
3.752	2.9931640625
3.753996	3.0078125
3.755996	3.017578125
3.757996	3.046875
3.759996	3.076171875
3.761996	3.10546875
3.763996	3.1396484375
3.765996	3.154296875
3.767996	3.173828125
3.769996	3.18359375
3.771996	3.1787109375
3.773996	3.1689453125
3.775996	3.1494140625
3.777996	3.125
3.779996	3.1005859375
3.781996	3.076171875
3.783996	3.046875
3.785996	3.02734375
3.787996	3.0126953125
3.79	2.9931640625
3.792	2.978515625
3.794	2.9736328125
3.796	2.9736328125
3.797996	2.9833984375
3.799996	2.9931640625
3.801996	3.0126953125
3.803996	3.0419921875
3.805996	3.0712890625
3.807996	3.1005859375
3.809996	3.134765625
3.811996	3.14453125
3.813996	3.1640625
3.815996	3.173828125
3.817996	3.1787109375
3.819996	3.1689453125
3.821996	3.1591796875
3.823996	3.134765625
3.825996	3.1201171875
3.827996	3.1005859375
3.829996	3.0712890625
3.832	3.037109375
3.833996	3.0126953125
3.836	2.9931640625
3.838	2.9833984375
3.839996	2.96875
3.841996	2.9736328125
3.843996	2.9833984375
3.845996	2.998046875
3.847996	3.0126953125
3.849996	3.0322265625
3.851996	3.06640625
3.853996	3.0859375
3.855996	3.1103515625
3.857996	3.125
3.859996	3.1494140625
3.861996	3.1689453125
3.863996	3.173828125
3.865996	3.173828125
3.867996	3.1640625
3.869996	3.14453125
3.871996	3.134765625
3.874	3.10546875
3.875996	3.076171875
3.878	3.037109375
3.88	3.017578125
3.881996	3.0029296875
3.883996	2.9931640625
3.885996	2.9833984375
3.887996	2.978515625
3.889996	2.98828125
3.891996	2.9931640625
3.893996	3.0029296875
3.895996	3.0224609375
3.897996	3.0419921875
3.899996	3.0712890625
3.901996	3.10546875
3.903996	3.1201171875
3.905996	3.14453125
3.907996	3.1640625
3.909996	3.173828125
3.911996	3.173828125
3.913996	3.1640625
3.915996	3.1494140625
3.918	3.125
3.92	3.10546875
3.922	3.0859375
3.924	3.0615234375
3.925996	3.037109375
3.927996	3.017578125
3.929996	3.0078125
3.931996	2.9931640625
3.933996	2.978515625
3.935996	2.978515625
3.937996	2.9833984375
3.939996	2.998046875
3.941996	3.0078125
3.943996	3.0419921875
3.945996	3.0712890625
3.947996	3.1005859375
3.949996	3.115234375
3.951996	3.134765625
3.953996	3.1494140625
3.955996	3.1640625
3.957996	3.1640625
3.96	3.1591796875
3.961996	3.1591796875
3.964	3.1396484375
3.966	3.125
3.967996	3.1103515625
3.969996	3.076171875
3.971996	3.046875
3.973996	3.0224609375
3.975996	3.0029296875
3.977996	2.9931640625
3.979996	2.9833984375
3.981996	2.978515625
3.983996	2.98828125
3.985996	2.998046875
3.987996	3.0126953125
3.989996	3.02734375
3.991996	3.046875
3.993996	3.0810546875
3.995996	3.1005859375
3.997996	3.1201171875
3.999996	3.1298828125
4.002	3.154296875
4.003996	3.1640625
4.006	3.173828125
4.008	3.1640625
4.009996	3.1591796875
4.011996	3.134765625
4.013996	3.1103515625
4.015996	3.076171875
4.017996	3.0517578125
4.019996	3.02734375
4.021996	3.0078125
4.023996	2.9931640625
4.025996	2.9931640625
4.027996	2.9931640625
4.029996	2.9931640625
4.031996	2.9931640625
4.033996	3.0029296875
4.035996	3.0126953125
4.037996	3.0322265625
4.039996	3.056640625
4.041996	3.0908203125
4.043996	3.1201171875
4.046	3.1396484375
4.048	3.154296875
4.05	3.1591796875
4.052	3.1689453125
4.053996	3.1591796875
4.055996	3.14453125
4.057996	3.125
4.059996	3.1103515625
4.061996	3.0908203125
4.063996	3.0712890625
4.065996	3.046875
4.067996	3.0224609375
4.069996	3.0078125
4.071996	2.998046875
4.073996	2.98828125
4.075996	2.9931640625
4.077996	2.98828125
4.079996	2.998046875
4.081996	3.0078125
4.083996	3.0322265625
4.085996	3.056640625
4.088	3.0859375
4.089996	3.1103515625
4.092	3.134765625
4.094	3.1396484375
4.095996	3.1494140625
4.097996	3.1494140625
4.099996	3.154296875
4.101996	3.1494140625
4.103996	3.134765625
4.105996	3.1298828125
4.107996	3.1103515625
4.109996	3.0810546875
4.111996	3.0517578125
4.113996	3.02734375
4.115996	3.0126953125
4.117996	2.9931640625
4.119996	2.98828125
4.121996	2.9833984375
4.123996	2.9931640625
4.125996	2.998046875
4.127996	3.0126953125
4.13	3.0224609375
4.131996	3.046875
4.134	3.076171875
4.136	3.0908203125
4.137996	3.115234375
4.139996	3.1298828125
4.141996	3.14453125
4.143996	3.1591796875
4.145996	3.1591796875
4.147996	3.154296875
4.149996	3.1494140625
4.151996	3.1298828125
4.153996	3.1103515625
4.155996	3.0859375
4.157996	3.0615234375
4.159996	3.0322265625
4.161996	3.0126953125
4.163996	3.0029296875
4.165996	3.0029296875
4.167996	2.998046875
4.169996	2.9931640625
4.171996	2.998046875
4.174	3.0029296875
4.176	3.0078125
4.178	3.02734375
4.18	3.0615234375
4.181996	3.0810546875
4.183996	3.10546875
4.185996	3.1298828125
4.187996	3.14453125
4.189996	3.154296875
4.191996	3.1640625
4.193996	3.1591796875
4.195996	3.14453125
4.197996	3.1298828125
4.199996	3.10546875
4.201996	3.0908203125
4.203996	3.076171875
4.205996	3.0517578125
4.207996	3.02734375
4.209996	3.017578125
4.211996	3.0078125
4.213996	2.998046875
4.216	2.98828125
4.217996	2.98828125
4.22	2.998046875
4.222	3.0078125
4.223996	3.0224609375
4.225996	3.0517578125
4.227996	3.0810546875
4.229996	3.1005859375
4.231996	3.1201171875
4.233996	3.1298828125
4.235996	3.14453125
4.237996	3.1494140625
4.239996	3.1494140625
4.241996	3.1494140625
4.243996	3.1396484375
4.245996	3.125
4.247996	3.1103515625
4.249996	3.0859375
4.251996	3.06640625
4.253996	3.037109375
4.255996	3.0126953125
4.258	3.0029296875
4.259996	2.98828125
4.262	2.98828125
4.264	2.9931640625
4.265996	2.998046875
4.267996	3.0126953125
4.269996	3.017578125
4.271996	3.046875
4.273996	3.0712890625
4.275996	3.0908203125
4.277996	3.10546875
4.279996	3.125
4.281996	3.1396484375
4.283996	3.1494140625
4.285996	3.154296875
4.287996	3.154296875
4.289996	3.14453125
4.291996	3.134765625
4.293996	3.0908203125
4.295996	3.0908203125
4.297996	3.0712890625
4.299996	3.0419921875
4.302	3.017578125
4.304	3.0078125
4.306	3.0029296875
4.308	3.0029296875
4.309996	2.998046875
4.311996	3.0029296875
4.313996	3.0029296875
4.315996	3.0126953125
4.317996	3.02734375
4.319996	3.046875
4.321996	3.0810546875
4.323996	3.1103515625
4.325996	3.1201171875
4.327996	3.1298828125
4.329996	3.1494140625
4.331996	3.154296875
4.333996	3.154296875
4.335996	3.1396484375
4.337996	3.134765625
4.339996	3.115234375
4.341996	3.10546875
4.344	3.0810546875
4.345996	3.06640625
4.348	3.037109375
4.35	3.017578125
4.351996	3.0126953125
4.353996	2.998046875
4.355996	2.9931640625
4.357996	2.9931640625
4.359996	2.998046875
4.361996	3.0078125
4.363996	3.0224609375
4.365996	3.0419921875
4.367996	3.0712890625
4.369996	3.095703125
4.371996	3.115234375
4.373996	3.125
4.375996	3.134765625
4.377996	3.14453125
4.379996	3.14453125
4.381996	3.14453125
4.383996	3.134765625
4.386	3.1298828125
4.387996	3.115234375
4.39	3.095703125
4.392	3.06640625
4.393996	3.0419921875
4.395996	3.0224609375
4.397996	3.0078125
4.399996	2.998046875
4.401996	2.9931640625
4.403996	3.0029296875
4.405996	3.0029296875
4.407996	3.0126953125
4.409996	3.0224609375
4.411996	3.037109375
4.413996	3.06640625
4.415996	3.076171875
4.417996	3.095703125
4.419996	3.1201171875
4.421996	3.125
4.423996	3.1396484375
4.425996	3.1494140625
4.427996	3.1494140625
4.43	3.1494140625
4.432	3.134765625
4.434	3.115234375
4.436	3.095703125
4.437996	3.0712890625
4.439996	3.0419921875
4.441996	3.0322265625
4.443996	3.0126953125
4.445996	3.0078125
4.447996	3.0078125
4.449996	3.0029296875
4.451996	3.0029296875
4.453996	3.0078125
4.455996	3.0078125
4.457996	3.0224609375
4.459996	3.0419921875
4.461996	3.0712890625
4.463996	3.095703125
4.465996	3.115234375
4.467996	3.125
4.469996	3.1396484375
4.472	3.14453125
4.473996	3.154296875
4.476	3.134765625
4.478	3.125
4.479996	3.115234375
4.481996	3.10546875
4.483996	3.0908203125
4.485996	3.06640625
4.487996	3.0419921875
4.489996	3.0322265625
4.491996	3.0126953125
4.493996	3.0029296875
4.495996	2.998046875
4.497996	2.9931640625
4.499996	2.998046875
4.501996	3.0029296875
4.503996	3.0224609375
4.505996	3.037109375
4.507996	3.06640625
4.509996	3.0908203125
4.511996	3.1103515625
4.514	3.125
4.515996	3.1298828125
4.518	3.1298828125
4.52	3.1396484375
4.521996	3.134765625
4.523996	3.1298828125
4.525996	3.125
4.527996	3.115234375
4.529996	3.1005859375
4.531996	3.076171875
4.533996	3.0517578125
4.535996	3.02734375
4.537996	3.0126953125
4.539996	3.0029296875
4.541996	2.998046875
4.543996	2.998046875
4.545996	3.0029296875
4.547996	3.0126953125
4.549996	3.0224609375
4.551996	3.037109375
4.553996	3.056640625
4.555996	3.0712890625
4.558	3.1005859375
4.56	3.1103515625
4.562	3.125
4.564	3.1396484375
4.565996	3.14453125
4.567996	3.14453125
4.569996	3.1396484375
4.571996	3.1298828125
4.573996	3.115234375
4.575996	3.1005859375
4.577996	3.0810546875
4.579996	3.0615234375
4.581996	3.0322265625
4.583996	3.017578125
4.585996	3.0078125
4.587996	3.0078125
4.589996	3.0078125
4.591996	3.0029296875
4.593996	3.0029296875
4.595996	3.0126953125
4.597996	3.0224609375
4.6	3.037109375
4.601996	3.0712890625
4.604	3.0908203125
4.606	3.1103515625
4.607996	3.1298828125
4.609996	3.1298828125
4.611996	3.1396484375
4.613996	3.1396484375
4.615996	3.1298828125
4.617996	3.125
4.619996	3.1201171875
4.621996	3.10546875
4.623996	3.0908203125
4.625996	3.0712890625
4.627996	3.046875
4.629996	3.0322265625
4.631996	3.017578125
4.633996	3.0078125
4.635996	2.998046875
4.637996	2.998046875
4.639996	2.998046875
4.642	3.0126953125
4.643996	3.017578125
4.646	3.037109375
4.648	3.06640625
4.649996	3.0810546875
4.651996	3.1005859375
4.653996	3.1103515625
4.655996	3.125
4.657996	3.1298828125
4.659996	3.134765625
4.661996	3.134765625
4.663996	3.134765625
4.665996	3.134765625
4.667996	3.1103515625
4.669996	3.095703125
4.671996	3.0810546875
4.673996	3.056640625
4.675996	3.0322265625
4.677996	3.0126953125
4.679996	3.0078125
4.681996	3.0029296875
4.683996	3.0029296875
4.686	3.0078125
4.688	3.017578125
4.69	3.02734375
4.692	3.037109375
4.693996	3.0517578125
4.695996	3.076171875
4.697996	3.0859375
4.699996	3.10546875
4.701996	3.1201171875
4.703996	3.1298828125
4.705996	3.1396484375
4.707996	3.14453125
4.709996	3.14453125
4.711996	3.1298828125
4.713996	3.115234375
4.715996	3.1005859375
4.717996	3.0810546875
4.719996	3.0615234375
4.721996	3.037109375
4.723996	3.0224609375
4.725996	3.017578125
4.728	3.0126953125
4.729996	3.0126953125
4.732	3.0078125
4.734	3.0078125
4.735996	3.017578125
4.737996	3.017578125
4.739996	3.0322265625
4.741996	3.0615234375
4.743996	3.0810546875
4.745996	3.1005859375
4.747996	3.1103515625
4.749996	3.1298828125
4.751996	3.134765625
4.753996	3.1396484375
4.755996	3.1298828125
4.757996	3.125
4.759996	3.115234375
4.761996	3.1005859375
4.763996	3.0859375
4.765996	3.0859375
4.767996	3.056640625
4.77	3.046875
4.771996	3.017578125
4.774	3.0126953125
4.776	3.0029296875
4.777996	3.0029296875
4.779996	3.0029296875
4.781996	3.0078125
4.783996	3.017578125
4.785996	3.037109375
4.787996	3.056640625
4.789996	3.0810546875
4.791996	3.095703125
4.793996	3.10546875
4.795996	3.125
4.797996	3.134765625
4.799996	3.1298828125
4.801996	3.1298828125
4.803996	3.134765625
4.805996	3.1298828125
4.807996	3.115234375
4.809996	3.1005859375
4.811996	3.0810546875
4.814	3.0712890625
4.816	3.0419921875
4.818	3.0224609375
4.82	3.0078125
4.821996	3.0029296875
4.823996	3.0078125
4.825996	3.0078125
4.827996	3.02734375
4.829996	3.0224609375
4.831996	3.037109375
4.833996	3.046875
4.835996	3.0615234375
4.837996	3.0859375
4.839996	3.1005859375
4.841996	3.115234375
4.843996	3.1298828125
4.845996	3.134765625
4.847996	3.1396484375
4.849996	3.134765625
4.851996	3.1298828125
4.853996	3.115234375
4.856	3.1005859375
4.857996	3.0810546875
4.86	3.0712890625
4.862	3.046875
4.863996	3.037109375
4.865996	3.0224609375
4.867996	3.017578125
4.869996	3.0126953125
4.871996	3.0078125
4.873996	3.0078125
4.875996	3.0126953125
4.877996	3.0224609375
4.879996	3.0322265625
4.881996	3.056640625
4.883996	3.0810546875
4.885996	3.095703125
4.887996	3.1103515625
4.889996	3.125
4.891996	3.1298828125
4.893996	3.1298828125
4.895996	3.1298828125
4.898	3.125
4.899996	3.115234375
4.902	3.10546875
4.904	3.095703125
4.905996	3.0810546875
4.907996	3.0712890625
4.909996	3.0517578125
4.911996	3.02734375
4.913996	3.017578125
4.915996	3.0078125
4.917996	2.998046875
4.919996	3.0029296875
4.921996	3.0029296875
4.923996	3.017578125
4.925996	3.0322265625
4.927996	3.0615234375
4.929996	3.0810546875
4.931996	3.095703125
4.933996	3.1005859375
4.935996	3.1103515625
4.937996	3.1201171875
4.939996	3.125
4.942	3.1298828125
4.944	3.134765625
4.946	3.134765625
4.948	3.1201171875
4.949996	3.1103515625
4.951996	3.0859375
4.953996	3.076171875
4.955996	3.0419921875
4.957996	3.02734375
4.959996	3.0126953125
4.961996	3.0078125
4.963996	3.0078125
4.965996	3.0078125
4.967996	3.017578125
4.969996	3.0224609375
4.971996	3.02734375
4.973996	3.0419921875
4.975996	3.0615234375
4.977996	3.076171875
4.979996	3.0908203125
4.981996	3.10546875
4.984	3.1201171875
4.985996	3.1298828125
4.988	3.134765625
4.99	3.134765625
4.991996	3.134765625
4.993996	3.125
4.995996	3.1005859375
4.997996	3.095703125
4.999996	3.0712890625
5.001996	3.056640625
5.003996	3.037109375
5.005996	3.02734375
5.007996	3.0224609375
5.009996	3.0126953125
5.011996	3.0078125
5.013996	3.0126953125
5.015996	3.0078125
5.017996	3.017578125
5.019996	3.0322265625
5.021996	3.0517578125
5.023996	3.0712890625
5.026	3.095703125
5.027996	3.1103515625
5.03	3.1201171875
5.032	3.1298828125
5.033996	3.1298828125
5.035996	3.125
5.037996	3.125
5.039996	3.115234375
5.041996	3.1103515625
5.043996	3.095703125
5.045996	3.0810546875
5.047996	3.0712890625
5.049996	3.0517578125
5.051996	3.037109375
5.053996	3.017578125
5.055996	3.0126953125
5.057996	3.0078125
5.059996	3.0126953125
5.061996	3.0126953125
5.063996	3.0224609375
5.065996	3.0322265625
5.067996	3.0517578125
5.07	3.0712890625
5.072	3.0908203125
5.074	3.1005859375
5.076	3.1103515625
5.077996	3.1201171875
5.079996	3.1201171875
5.081996	3.125
5.083996	3.125
5.085996	3.1298828125
5.087996	3.115234375
5.089996	3.115234375
5.091996	3.095703125
5.093996	3.076171875
5.095996	3.0517578125
5.097996	3.0322265625
5.099996	3.017578125
5.101996	3.0126953125
5.103996	3.0078125
5.105996	3.0126953125
5.107996	3.017578125
5.109996	3.0224609375
5.112	3.0322265625
5.113996	3.037109375
5.116	3.056640625
5.118	3.0712890625
5.119996	3.0908203125
5.121996	3.10546875
5.123996	3.1201171875
5.125996	3.134765625
5.127996	3.134765625
5.129996	3.134765625
5.131996	3.1298828125
5.133996	3.115234375
5.135996	3.10546875
5.137996	3.0908203125
5.139996	3.0712890625
5.141996	3.0615234375
5.143996	3.0419921875
5.145996	3.0322265625
5.147996	3.0224609375
5.149996	3.017578125
5.151996	3.017578125
5.154	3.0126953125
5.155996	3.0126953125
5.158	3.0224609375
5.16	3.037109375
5.161996	3.046875
5.163996	3.076171875
5.165996	3.0908203125
5.167996	3.10546875
5.169996	3.115234375
5.171996	3.125
5.173996	3.125
5.175996	3.1201171875
5.177996	3.1201171875
5.179996	3.115234375
5.181996	3.10546875
5.183996	3.1005859375
5.185996	3.0810546875
5.187996	3.0810546875
5.189996	3.0517578125
5.191996	3.0419921875
5.193996	3.0224609375
5.195996	3.0126953125
5.198	3.0078125
5.2	3.0078125
5.202	3.0126953125
5.204	3.017578125
5.205996	3.0322265625
5.207996	3.046875
5.209996	3.0712890625
5.211996	3.0859375
5.213996	3.095703125
5.215996	3.10546875
5.217996	3.1103515625
5.219996	3.1201171875
5.221996	3.134765625
5.223996	3.125
5.225996	3.125
5.227996	3.115234375
5.229996	3.1103515625
5.231996	3.095703125
5.233996	3.0810546875
5.235996	3.056640625
5.237996	3.037109375
5.24	3.0224609375
5.241996	3.0126953125
5.244	3.0126953125
5.246	3.0126953125
5.247996	3.0126953125
5.249996	3.0224609375
5.251996	3.02734375
5.253996	3.0322265625
5.255996	3.056640625
5.257996	3.0712890625
5.259996	3.0908203125
5.261996	3.10546875
5.263996	3.1103515625
5.265996	3.125
5.267996	3.1298828125
5.269996	3.134765625
5.271996	3.125
5.273996	3.115234375
5.275996	3.1005859375
5.277996	3.0908203125
5.279996	3.0712890625
5.282	3.06640625
5.283996	3.046875
5.286	3.037109375
5.288	3.0224609375
5.289996	3.0224609375
5.291996	3.0126953125
5.293996	3.0126953125
5.295996	3.0126953125
5.297996	3.017578125
5.299996	3.02734375
5.301996	3.046875
5.303996	3.0712890625
5.305996	3.0810546875
5.307996	3.095703125
5.309996	3.1103515625
5.311996	3.115234375
5.313996	3.125
5.315996	3.125
5.317996	3.125
5.319996	3.115234375
5.321996	3.115234375
5.323996	3.1005859375
5.326	3.095703125
5.328	3.0810546875
5.33	3.056640625
5.332	3.0419921875
5.333996	3.0224609375
5.335996	3.0126953125
5.337996	3.0078125
5.339996	3.0078125
5.341996	3.0126953125
5.343996	3.017578125
5.345996	3.037109375
5.347996	3.0419921875
5.349996	3.06640625
5.351996	3.0810546875
5.353996	3.0908203125
5.355996	3.10546875
5.357996	3.10546875
5.359996	3.115234375
5.361996	3.125
5.363996	3.125
5.365996	3.125
5.368	3.1201171875
5.369996	3.1103515625
5.372	3.0908203125
5.374	3.0810546875
5.375996	3.056640625
5.377996	3.0419921875
5.379996	3.0224609375
5.381996	3.0224609375
5.383996	3.017578125
5.385996	3.0224609375
5.387996	3.0224609375
5.389996	3.02734375
5.391996	3.0322265625
5.393996	3.0419921875
5.395996	3.0517578125
5.397996	3.0712890625
5.399996	3.076171875
5.401996	3.095703125
5.403996	3.1103515625
5.405996	3.1201171875
5.407996	3.125
5.41	3.125
5.411996	3.125
5.414	3.1201171875
5.416	3.10546875
5.417996	3.0908203125
5.419996	3.076171875
5.421996	3.0712890625
5.423996	3.046875
5.425996	3.037109375
5.427996	3.0322265625
5.429996	3.017578125
5.431996	3.017578125
5.433996	3.0126953125
5.435996	3.0126953125
5.437996	3.017578125
5.439996	3.02734375
5.441996	3.0419921875
5.443996	3.0615234375
5.445996	3.0810546875
5.447996	3.1005859375
5.449996	3.115234375
5.451996	3.125
5.454	3.1201171875
5.456	3.1201171875
5.458	3.115234375
5.46	3.1103515625
5.461996	3.1103515625
5.463996	3.10546875
5.465996	3.0908203125
5.467996	3.0810546875
5.469996	3.06640625
5.471996	3.0419921875
5.473996	3.0322265625
5.475996	3.0224609375
5.477996	3.0126953125
5.479996	3.0126953125
5.481996	3.0126953125
5.483996	3.017578125
5.485996	3.0322265625
5.487996	3.0419921875
5.489996	3.0615234375
5.491996	3.076171875
5.493996	3.0908203125
5.496	3.10546875
5.497996	3.10546875
5.5	3.10546875
5.502	3.115234375
5.503996	3.1201171875
5.505996	3.1201171875
5.507996	3.1201171875
5.509996	3.1103515625
5.511996	3.1005859375
5.513996	3.0810546875
5.515996	3.0615234375
5.517996	3.046875
5.519996	3.0322265625
5.521996	3.02734375
5.523996	3.0224609375
5.525996	3.017578125
5.527996	3.0224609375
5.529996	3.0224609375
5.531996	3.02734375
5.533996	3.037109375
5.535996	3.0517578125
5.538	3.06640625
5.539996	3.076171875
5.542	3.0908203125
5.544	3.1103515625
5.545996	3.115234375
5.547996	3.125
5.549996	3.134765625
5.551996	3.125
5.553996	3.1201171875
5.555996	3.10546875
5.557996	3.095703125
5.559996	3.0810546875
5.561996	3.0712890625
5.563996	3.0517578125
5.565996	3.0419921875
5.567996	3.0322265625
5.569996	3.02734375
5.571996	3.017578125
5.573996	3.0126953125
5.575996	3.0126953125
5.577996	3.017578125
5.579996	3.0322265625
5.582	3.046875
5.584	3.06640625
5.586	3.0810546875
5.588	3.095703125
5.589996	3.1103515625
5.591996	3.1103515625
5.593996	3.115234375
5.595996	3.115234375
5.597996	3.115234375
5.599996	3.1103515625
5.601996	3.10546875
5.603996	3.10546875
5.605996	3.095703125
5.607996	3.0810546875
5.609996	3.06640625
5.611996	3.0517578125
5.613996	3.037109375
5.615996	3.017578125
5.617996	3.017578125
5.619996	3.0126953125
5.621996	3.0126953125
5.624	3.02734375
5.625996	3.0322265625
5.628	3.046875
5.63	3.0615234375
5.631996	3.076171875
5.633996	3.0810546875
5.635996	3.0908203125
5.637996	3.1005859375
5.639996	3.1005859375
5.641996	3.115234375
5.643996	3.115234375
5.645996	3.125
5.647996	3.125
5.649996	3.115234375
5.651996	3.1005859375
5.653996	3.0810546875
5.655996	3.06640625
5.657996	3.0517578125
5.659996	3.0322265625
5.661996	3.0322265625
5.663996	3.0224609375
5.666	3.0224609375
5.667996	3.0224609375
5.67	3.02734375
5.672	3.037109375
5.673996	3.0322265625
5.675996	3.046875
5.677996	3.0615234375
5.679996	3.076171875
5.681996	3.0859375
5.683996	3.10546875
5.685996	3.1103515625
5.687996	3.1201171875
5.689996	3.1201171875
5.691996	3.1201171875
5.693996	3.115234375
5.695996	3.10546875
5.697996	3.095703125
5.699996	3.0859375
5.701996	3.0712890625
5.703996	3.056640625
5.705996	3.0419921875
5.707996	3.037109375
5.71	3.0322265625
5.712	3.02734375
5.714	3.017578125
5.716	3.017578125
5.717996	3.017578125
5.719996	3.0322265625
5.721996	3.0419921875
5.723996	3.056640625
5.725996	3.076171875
5.727996	3.0859375
5.729996	3.1005859375
5.731996	3.1103515625
5.733996	3.1103515625
5.735996	3.1103515625
5.737996	3.1103515625
5.739996	3.1103515625
5.741996	3.10546875
5.743996	3.10546875
5.745996	3.0908203125
5.747996	3.0859375
5.749996	3.0712890625
5.752	3.056640625
5.753996	3.0322265625
5.756	3.02734375
5.758	3.0224609375
5.759996	3.0126953125
5.761996	3.017578125
5.763996	3.02734375
5.765996	3.0322265625
5.767996	3.0419921875
5.769996	3.056640625
5.771996	3.0712890625
5.773996	3.0810546875
5.775996	3.095703125
5.777996	3.1005859375
5.779996	3.1103515625
5.781996	3.1201171875
5.783996	3.1201171875
5.785996	3.125
5.787996	3.115234375
5.789996	3.1103515625
5.791996	3.1005859375
5.794	3.0859375
5.795996	3.0712890625
5.798	3.056640625
5.8	3.037109375
5.801996	3.0322265625
5.803996	3.0224609375
5.805996	3.0224609375
5.807996	3.0224609375
5.809996	3.0322265625
5.811996	3.0322265625
5.813996	3.037109375
5.815996	3.0419921875
5.817996	3.0615234375
5.819996	3.0712890625
5.821996	3.0810546875
5.823996	3.095703125
5.825996	3.1103515625
5.827996	3.1201171875
5.829996	3.1201171875
5.831996	3.1201171875
5.833996	3.1103515625
5.835996	3.10546875
5.838	3.095703125
5.84	3.0859375
5.842	3.0712890625
5.844	3.0615234375
5.845996	3.0517578125
5.847996	3.046875
5.849996	3.037109375
5.851996	3.0322265625
5.853996	3.0224609375
5.855996	3.017578125
5.857996	3.0224609375
5.859996	3.02734375
5.861996	3.037109375
5.863996	3.056640625
5.865996	3.0712890625
5.867996	3.0859375
5.869996	3.095703125
5.871996	3.1103515625
5.873996	3.1103515625
5.875996	3.1103515625
5.877996	3.10546875
5.88	3.10546875
5.881996	3.10546875
5.884	3.1005859375
5.886	3.095703125
5.887996	3.0810546875
5.889996	3.0712890625
5.891996	3.056640625
5.893996	3.0419921875
5.895996	3.0322265625
5.897996	3.017578125
5.899996	3.017578125
5.901996	3.0224609375
5.903996	3.0224609375
5.905996	3.037109375
5.907996	3.0419921875
5.909996	3.0517578125
5.911996	3.0712890625
5.913996	3.076171875
5.915996	3.0908203125
5.917996	3.095703125
5.919996	3.10546875
5.922	3.10546875
5.923996	3.1103515625
5.926	3.115234375
5.928	3.115234375
5.929996	3.1103515625
5.931996	3.1005859375
5.933996	3.0859375
5.935996	3.0712890625
5.937996	3.056640625
5.939996	3.0419921875
5.941996	3.02734375
5.943996	3.0322265625
5.945996	3.02734375
5.947996	3.02734375
5.949996	3.02734375
5.951996	3.0322265625
5.953996	3.0322265625
5.955996	3.037109375
5.957996	3.056640625
5.959996	3.0712890625
5.961996	3.0810546875
5.963996	3.0908203125
5.966	3.10546875
5.968	3.115234375
5.97	3.115234375
5.972	3.115234375
5.973996	3.115234375
5.975996	3.1005859375
5.977996	3.0908203125
5.979996	3.0859375
5.981996	3.076171875
5.983996	3.0712890625
5.985996	3.0517578125
5.987996	3.0419921875
5.989996	3.037109375
5.991996	3.0322265625
5.993996	3.0224609375
5.995996	3.0224609375
5.997996	3.02734375
5.999996	3.02734375
6.001996	3.037109375
6.003996	3.0517578125
6.005996	3.076171875
6.008	3.0810546875
6.009996	3.095703125
6.012	3.10546875
6.014	3.10546875
6.015996	3.10546875
6.017996	3.1103515625
6.019996	3.1103515625
6.021996	3.1005859375
6.023996	3.10546875
6.025996	3.095703125
6.027996	3.0859375
6.029996	3.0810546875
6.031996	3.0615234375
6.033996	3.046875
6.035996	3.0322265625
6.037996	3.02734375
6.039996	3.017578125
6.041996	3.017578125
6.043996	3.02734375
6.045996	3.037109375
6.047996	3.0419921875
6.05	3.0517578125
6.051996	3.06640625
6.054	3.076171875
6.056	3.095703125
6.057996	3.0908203125
6.059996	3.095703125
6.061996	3.1103515625
6.063996	3.1103515625
6.065996	3.115234375
6.067996	3.115234375
6.069996	3.1103515625
6.071996	3.1005859375
6.073996	3.0908203125
6.075996	3.0712890625
6.077996	3.06640625
6.079996	3.046875
6.081996	3.037109375
6.083996	3.0322265625
6.085996	3.02734375
6.087996	3.02734375
6.089996	3.02734375
6.091996	3.037109375
6.094	3.0322265625
6.096	3.0419921875
6.098	3.0517578125
6.1	3.0712890625
6.101996	3.076171875
6.103996	3.0908203125
6.105996	3.10546875
6.107996	3.1201171875
6.109996	3.115234375
6.111996	3.115234375
6.113996	3.1103515625
6.115996	3.10546875
6.117996	3.095703125
6.119996	3.0859375
6.121996	3.076171875
6.123996	3.06640625
6.125996	3.0615234375
6.127996	3.046875
6.129996	3.0419921875
6.131996	3.0322265625
6.133996	3.02734375
6.136	3.0224609375
6.137996	3.02734375
6.14	3.0322265625
6.142	3.037109375
6.143996	3.046875
6.145996	3.0712890625
6.147996	3.0810546875
6.149996	3.095703125
6.151996	3.1005859375
6.153996	3.10546875
6.155996	3.10546875
6.157996	3.10546875
6.159996	3.10546875
6.161996	3.1005859375
6.163996	3.095703125
6.165996	3.095703125
6.167996	3.0859375
6.169996	3.0859375
6.171996	3.06640625
6.173996	3.0517578125
6.175996	3.0322265625
6.178	3.02734375
6.179996	3.0224609375
6.182	3.0224609375
6.184	3.02734375
6.185996	3.0322265625
6.187996	3.0419921875
6.189996	3.056640625
6.191996	3.06640625
6.193996	3.076171875
6.195996	3.0810546875
6.197996	3.0908203125
6.199996	3.1005859375
6.201996	3.1005859375
6.203996	3.1103515625
6.205996	3.1103515625
6.207996	3.1103515625
6.209996	3.1103515625
6.211996	3.1005859375
6.213996	3.0859375
6.215996	3.076171875
6.217996	3.0615234375
6.219996	3.0517578125
6.222	3.037109375
6.224	3.0322265625
6.226	3.0322265625
6.228	3.0322265625
6.229996	3.037109375
6.231996	3.0322265625
6.233996	3.037109375
6.235996	3.046875
6.237996	3.0517578125
6.239996	3.06640625
6.241996	3.076171875
6.243996	3.0908203125
6.245996	3.10546875
6.247996	3.1103515625
6.249996	3.10546875
6.251996	3.115234375
6.253996	3.1103515625
6.255996	3.10546875
6.257996	3.0908203125
6.259996	3.0908203125
6.261996	3.076171875
6.264	3.076171875
6.265996	3.0615234375
6.268	3.0517578125
6.27	3.0419921875
6.271996	3.037109375
6.273996	3.0419921875
6.275996	3.02734375
6.277996	3.02734375
6.279996	3.0322265625
6.281996	3.037109375
6.283996	3.0517578125
6.285996	3.06640625
6.287996	3.0859375
6.289996	3.0908203125
6.291996	3.1005859375
6.293996	3.10546875
6.295996	3.10546875
6.297996	3.10546875
6.299996	3.10546875
6.301996	3.10546875
6.303996	3.1005859375
6.306	3.095703125
6.307996	3.095703125
6.31	3.0810546875
6.312	3.06640625
6.313996	3.0517578125
6.315996	3.037109375
6.317996	3.0322265625
6.319996	3.02734375
6.321996	3.0224609375
6.323996	3.02734375
6.325996	3.037109375
6.327996	3.0419921875
6.329996	3.0517578125
6.331996	3.06640625
6.333996	3.0712890625
6.335996	3.076171875
6.337996	3.0859375
6.339996	3.0908203125
6.341996	3.095703125
6.343996	3.1005859375
6.345996	3.1103515625
6.347996	3.1103515625
6.35	3.1103515625
6.352	3.1005859375
6.354	3.0908203125
6.356	3.0810546875
6.357996	3.06640625
6.359996	3.0517578125
6.361996	3.0419921875
6.363996	3.037109375
6.365996	3.037109375
6.367996	3.0322265625
6.369996	3.0419921875
6.371996	3.0419921875
6.373996	3.037109375
6.375996	3.0419921875
6.377996	3.0517578125
6.379996	3.06640625
6.381996	3.076171875
6.383996	3.076171875
6.385996	3.095703125
6.387996	3.1103515625
6.389996	3.1103515625
6.392	3.115234375
6.393996	3.10546875
6.396	3.1005859375
6.398	3.095703125
6.399996	3.0859375
6.401996	3.0810546875
6.403996	3.0712890625
6.405996	3.0712890625
6.407996	3.046875
6.409996	3.046875
6.411996	3.037109375
6.413996	3.0322265625
6.415996	3.02734375
6.417996	3.02734375
6.419996	3.0322265625
6.421996	3.037109375
6.423996	3.0517578125
6.425996	3.06640625
6.427996	3.076171875
6.429996	3.0859375
6.431996	3.1005859375
6.434	3.1005859375
6.435996	3.10546875
6.438	3.1005859375
6.44	3.10546875
6.441996	3.1005859375
6.443996	3.10546875
6.445996	3.095703125
6.447996	3.095703125
6.449996	3.0859375
6.451996	3.0712890625
6.453996	3.056640625
6.455996	3.0419921875
6.457996	3.0322265625
6.459996	3.02734375
6.461996	3.02734375
6.463996	3.0322265625
6.465996	3.0322265625
6.467996	3.0419921875
6.469996	3.056640625
6.471996	3.06640625
6.473996	3.0712890625
6.475996	3.076171875
6.478	3.0859375
6.48	3.0859375
6.482	3.1005859375
6.484	3.10546875
6.485996	3.10546875
6.487996	3.10546875
6.489996	3.1103515625
6.491996	3.1005859375
6.493996	3.095703125
6.495996	3.076171875
6.497996	3.076171875
6.499996	3.056640625
6.501996	3.046875
6.503996	3.0419921875
6.505996	3.037109375
6.507996	3.037109375
6.509996	3.037109375
6.511996	3.037109375
6.513996	3.037109375
6.515996	3.0419921875
6.517996	3.0517578125
6.52	3.0615234375
6.521996	3.0712890625
6.524	3.0859375
6.526	3.1005859375
6.527996	3.1005859375
6.529996	3.10546875
6.531996	3.115234375
6.533996	3.1103515625
6.535996	3.10546875
6.537996	3.0908203125
6.539996	3.0859375
6.541996	3.0810546875
6.543996	3.076171875
6.545996	3.06640625
6.547996	3.056640625
6.549996	3.046875
6.551996	3.046875
6.553996	3.0322265625
6.555996	3.02734375
6.557996	3.02734375
6.559996	3.0322265625
6.562	3.037109375
6.563996	3.056640625
6.566	3.06640625
6.568	3.0859375
6.569996	3.0908203125
6.571996	3.095703125
6.573996	3.10546875
6.575996	3.1005859375
6.577996	3.10546875
6.579996	3.1005859375
6.581996	3.095703125
6.583996	3.10546875
6.585996	3.095703125
6.587996	3.0908203125
6.589996	3.0810546875
6.591996	3.0712890625
6.593996	3.0615234375
6.595996	3.0419921875
6.597996	3.0419921875
6.599996	3.02734375
6.601996	3.0322265625
6.603996	3.037109375
6.606	3.037109375
6.608	3.0419921875
6.61	3.056640625
6.612	3.0615234375
6.613996	3.0712890625
6.615996	3.0810546875
6.617996	3.0859375
6.619996	3.0908203125
6.621996	3.095703125
6.623996	3.10546875
6.625996	3.10546875
6.627996	3.115234375
6.629996	3.1103515625
6.631996	3.1103515625
6.633996	3.095703125
6.635996	3.0810546875
6.637996	3.0712890625
6.639996	3.0615234375
6.641996	3.046875
6.643996	3.0419921875
6.645996	3.0419921875
6.648	3.037109375
6.649996	3.0419921875
6.652	3.046875
6.654	3.0419921875
6.655996	3.0419921875
6.657996	3.046875
6.659996	3.0615234375
6.661996	3.0712890625
6.663996	3.0810546875
6.665996	3.0908203125
6.667996	3.10546875
6.669996	3.10546875
6.671996	3.1103515625
6.673996	3.10546875
6.675996	3.10546875
6.677996	3.0908203125
6.679996	3.0859375
6.681996	3.0810546875
6.683996	3.076171875
6.685996	3.0712890625
6.687996	3.0615234375
6.69	3.0517578125
6.691996	3.0419921875
6.694	3.0322265625
6.696	3.037109375
6.697996	3.0322265625
6.699996	3.0322265625
6.701996	3.0322265625
6.703996	3.0419921875
6.705996	3.06640625
6.707996	3.076171875
6.709996	3.0859375
6.711996	3.0908203125
6.713996	3.095703125
6.715996	3.1005859375
6.717996	3.1005859375
6.719996	3.1005859375
6.721996	3.1005859375
6.723996	3.10546875
6.725996	3.095703125
6.727996	3.095703125
6.729996	3.0859375
6.731996	3.076171875
6.734	3.0615234375
6.736	3.046875
6.738	3.037109375
6.74	3.02734375
6.741996	3.0322265625
6.743996	3.0322265625
6.745996	3.037109375
6.747996	3.0419921875
6.749996	3.056640625
6.751996	3.056640625
6.753996	3.0712890625
6.755996	3.076171875
6.757996	3.0859375
6.759996	3.0859375
6.761996	3.095703125
6.763996	3.10546875
6.765996	3.10546875
6.767996	3.1103515625
6.769996	3.10546875
6.771996	3.1005859375
6.773996	3.0908203125
6.776	3.0810546875
6.777996	3.076171875
6.78	3.0615234375
6.782	3.056640625
6.783996	3.046875
6.785996	3.037109375
6.787996	3.0419921875
6.789996	3.0419921875
6.791996	3.037109375
6.793996	3.037109375
6.795996	3.0419921875
6.797996	3.046875
6.799996	3.0615234375
6.801996	3.0712890625
6.803996	3.076171875
6.805996	3.095703125
6.807996	3.1005859375
6.809996	3.1103515625
6.811996	3.1103515625
6.813996	3.10546875
6.815996	3.095703125
6.818	3.095703125
6.819996	3.0908203125
6.822	3.076171875
6.824	3.0712890625
6.825996	3.076171875
6.827996	3.06640625
6.829996	3.056640625
6.831996	3.0419921875
6.833996	3.037109375
6.835996	3.0322265625
6.837996	3.0322265625
6.839996	3.0322265625
6.841996	3.037109375
6.843996	3.0419921875
6.845996	3.0712890625
6.847996	3.0810546875
6.849996	3.0810546875
6.851996	3.0908203125
6.853996	3.095703125
6.855996	3.095703125
6.857996	3.1005859375
6.859996	3.1005859375
6.862	3.1005859375
6.864	3.1005859375
6.866	3.1005859375
6.868	3.0908203125
6.869996	3.0859375
6.871996	3.0810546875
6.873996	3.0615234375
6.875996	3.0517578125
6.877996	3.0419921875
6.879996	3.0419921875
6.881996	3.0322265625
6.883996	3.037109375
6.885996	3.037109375
6.887996	3.0419921875
6.889996	3.0517578125
6.891996	3.06640625
6.893996	3.076171875
6.895996	3.0712890625
6.897996	3.076171875
6.899996	3.0859375
6.901996	3.0908203125
6.904	3.095703125
6.905996	3.1005859375
6.908	3.10546875
6.91	3.115234375
6.911996	3.1005859375
6.913996	3.0908203125
6.915996	3.076171875
6.917996	3.0712890625
6.919996	3.0615234375
6.921996	3.056640625
6.923996	3.0419921875
6.925996	3.0419921875
6.927996	3.0419921875
6.929996	3.0419921875
6.931996	3.037109375
6.933996	3.0419921875
6.935996	3.0419921875
6.937996	3.046875
6.939996	3.056640625
6.941996	3.0712890625
6.943996	3.0859375
6.946	3.0908203125
6.947996	3.1005859375
6.95	3.1005859375
6.952	3.1103515625
6.953996	3.1103515625
6.955996	3.1103515625
6.957996	3.1005859375
6.959996	3.0908203125
6.961996	3.0859375
6.963996	3.0810546875
6.965996	3.076171875
6.967996	3.06640625
6.969996	3.0517578125
6.971996	3.046875
6.973996	3.0419921875
6.975996	3.0322265625
6.977996	3.0322265625
6.979996	3.02734375
6.981996	3.0419921875
6.983996	3.046875
6.985996	3.0615234375
6.987996	3.0712890625
6.99	3.0810546875
6.992	3.0810546875
6.994	3.0908203125
6.996	3.095703125
6.997996	3.1005859375
6.999996	3.1005859375
7.001996	3.10546875
7.003996	3.095703125
7.005996	3.1005859375
7.007996	3.095703125
7.009996	3.0859375
7.011996	3.0810546875
7.013996	3.06640625
7.015996	3.0517578125
7.017996	3.046875
7.019996	3.0322265625
7.021996	3.037109375
7.023996	3.0322265625
7.025996	3.037109375
7.027996	3.037109375
7.029996	3.0517578125
7.032	3.0615234375
7.033996	3.06640625
7.036	3.0712890625
7.038	3.0810546875
7.039996	3.0810546875
7.041996	3.0908203125
7.043996	3.1005859375
7.045996	3.1103515625
7.047996	3.1103515625
7.049996	3.1103515625
7.051996	3.095703125
7.053996	3.0908203125
7.055996	3.0810546875
7.057996	3.0712890625
7.059996	3.06640625
7.061996	3.0517578125
7.063996	3.0517578125
7.065996	3.046875
7.067996	3.0419921875
7.069996	3.0419921875
7.071996	3.046875
7.074	3.0419921875
7.075996	3.0419921875
7.078	3.046875
7.08	3.056640625
7.081996	3.06640625
7.083996	3.076171875
7.085996	3.0908203125
7.087996	3.095703125
7.089996	3.1005859375
7.091996	3.1103515625
7.093996	3.10546875
7.095996	3.1005859375
7.097996	3.095703125
7.099996	3.0908203125
7.101996	3.0908203125
7.103996	3.0810546875
7.105996	3.0810546875
7.107996	3.06640625
7.109996	3.0615234375
7.111996	3.0517578125
7.113996	3.0419921875
7.115996	3.0322265625
7.118	3.0322265625
7.12	3.037109375
7.122	3.037109375
7.124	3.046875
7.125996	3.0615234375
7.127996	3.076171875
7.129996	3.0810546875
7.131996	3.0859375
7.133996	3.0908203125
7.135996	3.0908203125
7.137996	3.095703125
7.139996	3.095703125
7.141996	3.1005859375
7.143996	3.095703125
7.145996	3.1005859375
7.147996	3.095703125
7.149996	3.0859375
7.151996	3.076171875
7.153996	3.076171875
7.155996	3.0615234375
7.157996	3.0419921875
7.16	3.037109375
7.161996	3.037109375
7.164	3.037109375
7.166	3.0419921875
7.167996	3.0517578125
7.169996	3.0517578125
7.171996	3.056640625
7.173996	3.0712890625
7.175996	3.0712890625
7.177996	3.076171875
7.179996	3.0859375
7.181996	3.0908203125
7.183996	3.0908203125
7.185996	3.1005859375
7.187996	3.10546875
7.189996	3.1201171875
7.191996	3.095703125
7.193996	3.0908203125
7.195996	3.076171875
7.197996	3.0712890625
7.199996	3.06640625
7.202	3.06640625
7.203996	3.0517578125
7.206	3.046875
7.208	3.046875
7.209996	3.037109375
7.211996	3.0419921875
7.213996	3.0419921875
7.215996	3.0419921875
7.217996	3.046875
7.219996	3.0615234375
7.221996	3.0712890625
7.223996	3.076171875
7.225996	3.0810546875
7.227996	3.095703125
7.229996	3.1005859375
7.231996	3.1005859375
7.233996	3.1005859375
7.235996	3.095703125
7.237996	3.0908203125
7.239996	3.0859375
7.241996	3.0859375
7.243996	3.0810546875
7.246	3.0810546875
7.248	3.0712890625
7.25	3.0615234375
7.252	3.0517578125
7.253996	3.046875
7.255996	3.0419921875
7.257996	3.037109375
7.259996	3.037109375
7.261996	3.0419921875
7.263996	3.0419921875
7.265996	3.0615234375
7.267996	3.0712890625
7.269996	3.0810546875
7.271996	3.0908203125
7.273996	3.0908203125
7.275996	3.0908203125
7.277996	3.0908203125
7.279996	3.0908203125
7.281996	3.095703125
7.283996	3.1005859375
7.285996	3.095703125
7.288	3.0908203125
7.289996	3.0908203125
7.292	3.0810546875
7.294	3.0712890625
7.295996	3.0615234375
7.297996	3.0419921875
7.299996	3.0419921875
7.301996	3.0322265625
7.303996	3.037109375
7.305996	3.037109375
7.307996	3.0517578125
7.309996	3.0517578125
7.311996	3.056640625
7.313996	3.06640625
7.315996	3.0712890625
7.317996	3.0712890625
7.319996	3.076171875
7.321996	3.0810546875
7.323996	3.095703125
7.325996	3.1005859375
7.327996	3.10546875
7.33	3.1103515625
7.331996	3.1005859375
7.334	3.0908203125
7.336	3.0859375
7.337996	3.0712890625
7.339996	3.06640625
7.341996	3.056640625
7.343996	3.056640625
7.345996	3.0517578125
7.347996	3.0419921875
7.349996	3.046875
7.351996	3.046875
7.353996	3.046875
7.355996	3.046875
7.357996	3.046875
7.359996	3.0615234375
7.361996	3.06640625
7.363996	3.076171875
7.365996	3.0859375
7.367996	3.095703125
7.369996	3.1005859375
7.371996	3.1005859375
7.374	3.1005859375
7.376	3.095703125
7.378	3.0908203125
7.38	3.0908203125
7.381996	3.0908203125
7.383996	3.0810546875
7.385996	3.076171875
7.387996	3.0712890625
7.389996	3.0615234375
7.391996	3.0517578125
7.393996	3.046875
7.395996	3.037109375
7.397996	3.0322265625
7.399996	3.0419921875
7.401996	3.0419921875
7.403996	3.046875
7.405996	3.056640625
7.407996	3.0712890625
7.409996	3.076171875
7.411996	3.0859375
7.413996	3.0908203125
7.416	3.0859375
7.417996	3.095703125
7.42	3.095703125
7.422	3.095703125
7.423996	3.095703125
7.425996	3.095703125
7.427996	3.095703125
7.429996	3.0859375
7.431996	3.0810546875
7.433996	3.0712890625
7.435996	3.0615234375
7.437996	3.046875
7.439996	3.0419921875
7.441996	3.037109375
7.443996	3.037109375
7.445996	3.0419921875
7.447996	3.046875
7.449996	3.046875
7.451996	3.056640625
7.453996	3.0615234375
7.455996	3.0712890625
7.458	3.0712890625
7.459996	3.076171875
7.462	3.0859375
7.464	3.0908203125
7.465996	3.095703125
7.467996	3.1005859375
7.469996	3.1005859375
7.471996	3.1005859375
7.473996	3.0908203125
7.475996	3.0859375
7.477996	3.076171875
7.479996	3.0712890625
7.481996	3.06640625
7.483996	3.0615234375
7.485996	3.056640625
7.487996	3.0517578125
7.489996	3.046875
7.491996	3.046875
7.493996	3.0419921875
7.495996	3.046875
7.497996	3.046875
7.499996	3.056640625
7.502	3.06640625
7.504	3.0712890625
7.506	3.0908203125
7.508	3.095703125
7.509996	3.095703125
7.511996	3.1005859375
7.513996	3.1005859375
7.515996	3.095703125
7.517996	3.0908203125
7.519996	3.0859375
7.521996	3.0859375
7.523996	3.076171875
7.525996	3.076171875
7.527996	3.0712890625
7.529996	3.06640625
7.531996	3.0517578125
7.533996	3.046875
7.535996	3.0419921875
7.537996	3.037109375
7.539996	3.037109375
7.541996	3.0419921875
7.544	3.0419921875
7.545996	3.06640625
7.548	3.076171875
7.55	3.0810546875
7.551996	3.0859375
7.553996	3.0859375
7.555996	3.0859375
7.557996	3.0908203125
7.559996	3.0908203125
7.561996	3.0908203125
7.563996	3.095703125
7.565996	3.095703125
7.567996	3.095703125
7.569996	3.0859375
7.571996	3.0810546875
7.573996	3.076171875
7.575996	3.06640625
7.577996	3.056640625
7.579996	3.0419921875
7.581996	3.0419921875
7.583996	3.0419921875
7.586	3.0517578125
7.587996	3.0517578125
7.59	3.0517578125
7.592	3.056640625
7.593996	3.0615234375
7.595996	3.06640625
7.597996	3.076171875
7.599996	3.0810546875
7.601996	3.0810546875
7.603996	3.0908203125
7.605996	3.1005859375
7.607996	3.1005859375
7.609996	3.1005859375
7.611996	3.1005859375
7.613996	3.0908203125
7.615996	3.0859375
7.617996	3.0712890625
7.619996	3.06640625
7.621996	3.0615234375
7.623996	3.056640625
7.625996	3.0517578125
7.627996	3.0517578125
7.63	3.0517578125
7.632	3.0419921875
7.634	3.046875
7.636	3.0419921875
7.637996	3.046875
7.639996	3.056640625
7.641996	3.0615234375
7.643996	3.0712890625
7.645996	3.076171875
7.647996	3.0908203125
7.649996	3.095703125
7.651996	3.095703125
7.653996	3.095703125
7.655996	3.0908203125
7.657996	3.0908203125
7.659996	3.0908203125
7.661996	3.0859375
7.663996	3.0810546875
7.665996	3.076171875
7.667996	3.056640625
7.669996	3.06640625
7.672	3.056640625
7.673996	3.046875
7.676	3.0419921875
7.678	3.0419921875
7.679996	3.037109375
7.681996	3.0419921875
7.683996	3.046875
7.685996	3.0615234375
7.687996	3.06640625
7.689996	3.076171875
7.691996	3.0810546875
7.693996	3.0859375
7.695996	3.0859375
7.697996	3.0908203125
7.699996	3.0859375
7.701996	3.095703125
7.703996	3.095703125
7.705996	3.095703125
7.707996	3.095703125
7.709996	3.0859375
7.711996	3.0810546875
7.714	3.0810546875
7.715996	3.06640625
7.718	3.0517578125
7.72	3.0419921875
7.721996	3.0419921875
7.723996	3.0419921875
7.725996	3.046875
7.727996	3.0517578125
7.729996	3.0517578125
7.731996	3.056640625
7.733996	3.0615234375
7.735996	3.0712890625
7.737996	3.0712890625
7.739996	3.0810546875
7.741996	3.0908203125
7.743996	3.0908203125
7.745996	3.095703125
7.747996	3.1005859375
7.749996	3.095703125
7.751996	3.095703125
7.753996	3.0908203125
7.755996	3.0859375
7.758	3.0810546875
7.76	3.0712890625
7.762	3.06640625
7.764	3.06640625
7.765996	3.056640625
7.767996	3.0517578125
7.769996	3.046875
7.771996	3.0419921875
7.773996	3.046875
7.775996	3.046875
7.777996	3.046875
7.779996	3.056640625
7.781996	3.056640625
7.783996	3.06640625
7.785996	3.0810546875
7.787996	3.0810546875
7.789996	3.095703125
7.791996	3.1005859375
7.793996	3.0908203125
7.795996	3.0908203125
7.797996	3.0908203125
7.8	3.0859375
7.801996	3.0859375
7.804	3.076171875
7.806	3.076171875
7.807996	3.0712890625
7.809996	3.06640625
7.811996	3.056640625
7.813996	3.046875
7.815996	3.046875
7.817996	3.0419921875
7.819996	3.0419921875
7.821996	3.0419921875
7.823996	3.046875
7.825996	3.056640625
7.827996	3.0712890625
7.829996	3.076171875
7.831996	3.0810546875
7.833996	3.0810546875
7.835996	3.0859375
7.837996	3.0810546875
7.839996	3.0859375
7.842	3.095703125
7.843996	3.0908203125
7.846	3.0908203125
7.848	3.095703125
7.849996	3.0859375
7.851996	3.0810546875
7.853996	3.076171875
