Channel Accuracy: 10 Bits
Measurement Range 0...5V --> Resolution: 5V/2^10 = 4.9mV
Measured Single Channel at a Frequency of 100 Hz
Time (s)	Voltage (V)
0	1.5283203125
0.010004	1.4990234375
0.019996	1.4794921875
0.03	1.4501953125
0.040004	1.4306640625
0.050004	1.416015625
0.059996	1.396484375
0.07	1.3818359375
0.080004	1.3671875
0.090004	1.3623046875
0.100004	1.3525390625
0.109996	1.3525390625
0.119996	1.3525390625
0.130004	1.34765625
0.140004	1.34765625
0.149996	1.34765625
0.160004	1.357421875
0.170004	1.357421875
0.18	1.38671875
0.189996	1.3818359375
0.199996	1.4013671875
0.209996	1.4013671875
0.219996	1.4208984375
0.229996	1.42578125
0.239996	1.435546875
0.249996	1.4501953125
0.259996	1.4599609375
0.269996	1.474609375
0.28	1.4794921875
0.289996	1.4990234375
0.299996	1.4990234375
0.309996	1.5087890625
0.319996	1.5185546875
0.330004	1.513671875
0.340004	1.5380859375
0.350004	1.533203125
0.359996	1.552734375
0.37	1.5478515625
0.379996	1.5576171875
0.390004	1.5576171875
0.399996	1.5576171875
0.409996	1.5625
0.420004	1.552734375
0.430004	1.5625
0.440004	1.5576171875
0.449996	1.5625
0.460004	1.5625
0.470004	1.5576171875
0.480004	1.5625
0.489996	1.5478515625
0.499996	1.5625
0.509996	1.5478515625
0.519996	1.5576171875
0.53	1.5478515625
0.539996	1.552734375
0.549996	1.552734375
0.559996	1.552734375
0.569996	1.552734375
0.579996	1.5380859375
0.589996	1.54296875
0.599996	1.54296875
0.610004	1.54296875
0.619996	1.54296875
0.629996	1.5478515625
0.639996	1.5478515625
0.650004	1.5478515625
0.659996	1.5478515625
0.669996	1.5283203125
0.679996	1.54296875
0.690004	1.5283203125
0.699996	1.5380859375
0.709996	1.5283203125
0.719996	1.533203125
0.730004	1.5283203125
0.740004	1.5185546875
0.749996	1.5283203125
0.760004	1.5185546875
0.770004	1.5185546875
0.780004	1.513671875
0.789996	1.5185546875
0.799996	1.5087890625
0.809996	1.513671875
0.819996	1.513671875
0.83	1.4990234375
0.839996	1.5087890625
0.849996	1.4990234375
0.859996	1.5087890625
0.869996	1.50390625
0.879996	1.4990234375
0.889996	1.4990234375
0.899996	1.4990234375
0.909996	1.494140625
0.92	1.4892578125
0.929996	1.494140625
0.939996	1.484375
0.949996	1.4892578125
0.959996	1.484375
0.970004	1.484375
0.980004	1.484375
0.990004	1.4697265625
0.999996	1.4697265625
1.01	1.4599609375
1.019996	1.46484375
1.030004	1.455078125
1.039996	1.455078125
1.049996	1.4501953125
1.060004	1.4501953125
1.070004	1.455078125
1.080004	1.46484375
1.089996	1.4892578125
1.100004	1.533203125
1.110004	1.6748046875
1.120004	1.865234375
1.129996	2.080078125
1.139996	2.3388671875
1.149996	2.666015625
1.159996	2.998046875
1.17	3.2568359375
1.179996	3.5302734375
1.189996	3.779296875
1.199996	4.00390625
1.209996	4.1259765625
1.219996	4.1943359375
1.229996	4.1845703125
1.239996	4.1455078125
1.250004	3.9892578125
1.259996	3.759765625
1.269996	3.5302734375
1.279996	3.271484375
1.290004	3.0029296875
1.299996	2.6806640625
1.309996	2.392578125
1.319996	2.1533203125
1.330004	1.9482421875
1.339996	1.7578125
1.349996	1.6455078125
1.359996	1.650390625
1.370004	1.7236328125
1.380004	1.8505859375
1.389996	2.0361328125
1.400004	2.28515625
1.410004	2.5732421875
1.420004	2.8271484375
1.429996	3.115234375
1.439996	3.3642578125
1.449996	3.6474609375
1.459996	3.837890625
1.47	3.9794921875
1.479996	4.0673828125
1.489996	4.1162109375
1.499996	4.072265625
1.509996	3.9404296875
1.519996	3.8037109375
1.529996	3.583984375
1.539996	3.3837890625
1.549996	3.1005859375
1.56	2.822265625
1.569996	2.5634765625
1.579996	2.314453125
1.589996	2.0947265625
1.599996	1.884765625
1.610004	1.796875
1.620004	1.7529296875
1.630004	1.7919921875
1.639996	1.8603515625
1.65	2.0166015625
1.659996	2.2509765625
1.670004	2.48046875
1.679996	2.7294921875
1.689996	2.9833984375
1.700004	3.2666015625
1.710004	3.4765625
1.720004	3.6865234375
1.729996	3.837890625
1.740004	3.96484375
1.750004	4.0234375
1.760004	3.984375
1.769996	3.935546875
1.779996	3.798828125
1.789996	3.65234375
1.799996	3.4228515625
1.81	3.193359375
1.819996	2.9541015625
1.829996	2.7001953125
1.839996	2.4609375
1.849996	2.216796875
1.859996	2.041015625
1.869996	1.9140625
1.879996	1.85546875
1.890004	1.8359375
1.899996	1.8994140625
1.909996	2.0361328125
1.919996	2.2119140625
1.930004	2.4169921875
1.939996	2.6318359375
1.949996	2.9052734375
1.959996	3.1396484375
1.970004	3.3642578125
1.979996	3.544921875
1.989996	3.73046875
1.999996	3.8720703125
2.010004	3.9111328125
2.020004	3.935546875
2.029996	3.8818359375
2.040004	3.8134765625
2.050004	3.642578125
2.060004	3.466796875
2.069996	3.26171875
2.079996	3.0419921875
2.089996	2.8076171875
2.099996	2.5634765625
2.11	2.36328125
2.119996	2.158203125
2.129996	2.0458984375
2.139996	1.943359375
2.149996	1.9091796875
2.159996	1.953125
2.169996	2.041015625
2.179996	2.1923828125
2.189996	2.353515625
2.2	2.5830078125
2.209996	2.7978515625
2.219996	3.037109375
2.229996	3.2421875
2.239996	3.4521484375
2.250004	3.6279296875
2.260004	3.75
2.270004	3.8427734375
2.279996	3.8525390625
2.29	3.8671875
2.299996	3.7841796875
2.310004	3.6669921875
2.319996	3.505859375
2.329996	3.3251953125
2.340004	3.125
2.350004	2.880859375
2.360004	2.6708984375
2.369996	2.4609375
2.380004	2.294921875
2.390004	2.1435546875
2.400004	2.03125
2.409996	1.9873046875
2.419996	1.9970703125
2.429996	2.0751953125
2.439996	2.1630859375
2.45	2.3291015625
2.459996	2.5244140625
2.469996	2.744140625
2.479996	2.9345703125
2.489996	3.154296875
2.499996	3.349609375
2.509996	3.5009765625
2.519996	3.6572265625
2.530004	3.73046875
2.539996	3.8134765625
2.549996	3.8037109375
2.559996	3.759765625
2.570004	3.6474609375
2.579996	3.525390625
2.589996	3.3740234375
2.599996	3.173828125
2.610004	2.9833984375
2.619996	2.75390625
2.629996	2.578125
2.639996	2.3876953125
2.650004	2.236328125
2.660004	2.119140625
2.669996	2.0654296875
2.680004	2.060546875
2.690004	2.0751953125
2.700004	2.177734375
2.709996	2.2998046875
2.719996	2.4951171875
2.729996	2.65625
2.739996	2.8662109375
2.75	3.0712890625
2.759996	3.251953125
2.769996	3.427734375
2.779996	3.5400390625
2.789996	3.671875
2.799996	3.73046875
2.809996	3.76953125
2.819996	3.73046875
2.829996	3.65234375
2.84	3.5400390625
2.849996	3.388671875
2.859996	3.232421875
2.869996	3.0322265625
2.879996	2.8515625
2.890004	2.65625
2.900004	2.48046875
2.910004	2.3291015625
2.919996	2.2119140625
2.93	2.138671875
2.939996	2.0849609375
2.950004	2.109375
2.959996	2.177734375
2.969996	2.3046875
2.980004	2.44140625
2.990004	2.6171875
3.000004	2.7978515625
3.009996	2.9833984375
3.020004	3.18359375
3.030004	3.3154296875
3.040004	3.4814453125
3.049996	3.57421875
3.059996	3.681640625
3.069996	3.6962890625
3.079996	3.701171875
3.09	3.6474609375
3.099996	3.53515625
3.109996	3.4326171875
3.119996	3.26171875
3.129996	3.115234375
3.139996	2.919921875
3.149996	2.744140625
3.159996	2.5634765625
3.170004	2.421875
3.179996	2.2900390625
3.189996	2.1923828125
3.199996	2.1484375
3.210004	2.1435546875
3.219996	2.2119140625
3.229996	2.28515625
3.239996	2.4169921875
3.250004	2.5732421875
3.259996	2.7490234375
3.269996	2.9296875
3.279996	3.0908203125
3.290004	3.2666015625
3.300004	3.3935546875
3.309996	3.5205078125
3.320004	3.59375
3.330004	3.65234375
3.340004	3.6669921875
3.349996	3.6083984375
3.359996	3.5546875
3.369996	3.4228515625
3.379996	3.3203125
3.39	3.1591796875
3.399996	2.98828125
3.409996	2.8076171875
3.419996	2.646484375
3.429996	2.5
3.439996	2.36328125
3.449996	2.2705078125
3.459996	2.197265625
3.469996	2.2021484375
3.48	2.2265625
3.489996	2.2900390625
3.499996	2.4072265625
3.509996	2.5390625
3.519996	2.6953125
3.530004	2.841796875
3.540004	3.02734375
3.550004	3.1787109375
3.559996	3.3349609375
3.57	3.4423828125
3.579996	3.5400390625
3.590004	3.5986328125
3.599996	3.603515625
3.609996	3.6083984375
3.620004	3.5302734375
3.630004	3.4619140625
3.640004	3.330078125
3.649996	3.212890625
3.660004	3.0419921875
3.670004	2.880859375
3.680004	2.7197265625
3.689996	2.55859375
3.699996	2.4365234375
3.709996	2.32421875
3.719996	2.265625
3.73	2.2412109375
3.739996	2.2509765625
3.749996	2.294921875
3.759996	2.3974609375
3.769996	2.5146484375
3.779996	2.6416015625
3.789996	2.802734375
3.799996	2.958984375
3.810004	3.1298828125
3.819996	3.2568359375
3.829996	3.3837890625
3.839996	3.4912109375
3.850004	3.53515625
3.859996	3.583984375
3.869996	3.5546875
3.879996	3.5302734375
3.890004	3.4521484375
3.899996	3.369140625
3.909996	3.2373046875
3.919996	3.1005859375
3.930004	2.9443359375
3.940004	2.7734375
3.949996	2.6416015625
3.960004	2.4951171875
3.970004	2.40234375
3.980004	2.314453125
3.989996	2.28515625
3.999996	2.2705078125
4.009996	2.314453125
4.019996	2.3974609375
4.03	2.48046875
4.039996	2.6171875
4.049996	2.744140625
4.059996	2.919921875
4.069996	3.0517578125
4.079996	3.203125
4.089996	3.330078125
4.099996	3.4326171875
4.109996	3.505859375
4.12	3.525390625
4.129996	3.5498046875
4.139996	3.505859375
4.149996	3.4716796875
4.159996	3.369140625
4.170004	3.2666015625
4.180004	3.134765625
4.190004	2.978515625
4.199996	2.8369140625
4.21	2.685546875
4.219996	2.5732421875
4.230004	2.4560546875
4.239996	2.3828125
4.249996	2.3193359375
4.260004	2.3095703125
4.270004	2.3388671875
4.280004	2.3828125
4.289996	2.48046875
4.300004	2.578125
4.310004	2.7197265625
4.320004	2.8466796875
4.329996	3.0029296875
4.339996	3.14453125
4.349996	3.271484375
4.359996	3.3740234375
4.37	3.4326171875
4.379996	3.5009765625
4.389996	3.5009765625
4.399996	3.5009765625
4.409996	3.4521484375
4.419996	3.388671875
4.429996	3.291015625
4.439996	3.1591796875
4.450004	3.0419921875
4.459996	2.880859375
4.469996	2.7587890625
4.479996	2.6220703125
4.490004	2.51953125
4.499996	2.421875
4.509996	2.3779296875
4.519996	2.3486328125
4.530004	2.3486328125
4.539996	2.3974609375
4.549996	2.4609375
4.559996	2.5732421875
4.570004	2.6806640625
4.580004	2.8173828125
4.589996	2.9541015625
4.600004	3.095703125
4.610004	3.2177734375
4.620004	3.30078125
4.629996	3.408203125
4.639996	3.447265625
4.649996	3.4912109375
4.659996	3.4765625
4.67	3.4521484375
4.679996	3.3935546875
4.689996	3.310546875
4.699996	3.2080078125
4.709996	3.056640625
4.719996	2.9541015625
4.729996	2.802734375
4.739996	2.6806640625
4.749996	2.568359375
4.76	2.48046875
4.769996	2.4169921875
4.779996	2.3681640625
4.789996	2.3779296875
4.799996	2.392578125
4.810004	2.4755859375
4.820004	2.548828125
4.830004	2.6611328125
4.839996	2.783203125
4.85	2.9150390625
4.859996	3.046875
4.870004	3.1494140625
4.879996	3.2763671875
4.889996	3.3447265625
4.900004	3.4228515625
4.910004	3.447265625
4.920004	3.466796875
4.929996	3.447265625
4.940004	3.3984375
4.950004	3.3203125
4.960004	3.203125
4.969996	3.10546875
4.979996	2.9736328125
4.989996	2.8515625
4.999996	2.7197265625
5.01	2.626953125
5.019996	2.529296875
5.029996	2.4462890625
5.039996	2.4169921875
5.049996	2.3876953125
5.059996	2.4169921875
5.069996	2.4609375
5.079996	2.548828125
5.090004	2.6318359375
5.099996	2.7490234375
5.109996	2.8759765625
5.119996	2.978515625
5.130004	3.115234375
5.139996	3.212890625
5.149996	3.3203125
5.159996	3.369140625
5.170004	3.4228515625
5.179996	3.4375
5.189996	3.4326171875
5.199996	3.3935546875
5.210004	3.310546875
5.220004	3.2421875
5.229996	3.1201171875
5.240004	3.017578125
5.250004	2.890625
5.260004	2.7783203125
5.269996	2.6708984375
5.279996	2.578125
5.289996	2.5048828125
5.299996	2.431640625
5.31	2.421875
5.319996	2.4267578125
5.329996	2.4755859375
5.339996	2.529296875
5.349996	2.626953125
5.359996	2.7294921875
5.369996	2.822265625
5.379996	2.958984375
5.389996	3.056640625
5.4	3.18359375
5.409996	3.2568359375
5.419996	3.349609375
5.429996	3.3935546875
5.439996	3.41796875
5.450004	3.41796875
5.460004	3.3642578125
5.470004	3.330078125
5.479996	3.2421875
5.49	3.1591796875
5.499996	3.0322265625
5.510004	2.9443359375
5.519996	2.822265625
5.529996	2.7099609375
5.540004	2.6171875
5.550004	2.5244140625
5.560004	2.48046875
5.569996	2.44140625
5.580004	2.451171875
5.590004	2.470703125
5.600004	2.529296875
5.609996	2.6171875
5.619996	2.6806640625
5.629996	2.8076171875
5.639996	2.9052734375
5.65	3.037109375
5.659996	3.1298828125
5.669996	3.232421875
5.679996	3.3056640625
5.689996	3.359375
5.699996	3.3935546875
5.709996	3.3837890625
5.719996	3.369140625
5.730004	3.3154296875
5.739996	3.2666015625
5.749996	3.1689453125
5.759996	3.076171875
5.770004	2.9736328125
5.779996	2.8515625
5.789996	2.75390625
5.799996	2.6416015625
5.810004	2.578125
5.819996	2.5
5.829996	2.4853515625
5.839996	2.4609375
5.850004	2.490234375
5.860004	2.5341796875
5.869996	2.5927734375
5.880004	2.685546875
5.890004	2.7783203125
5.900004	2.890625
5.909996	2.98828125
5.919996	3.1005859375
5.929996	3.1884765625
5.939996	3.2763671875
5.95	3.3349609375
5.959996	3.349609375
5.969996	3.3740234375
5.979996	3.349609375
5.989996	3.3349609375
5.999996	3.2568359375
6.009996	3.1982421875
6.019996	3.1005859375
6.029996	3.0078125
6.04	2.8955078125
6.049996	2.7734375
6.059996	2.6904296875
6.069996	2.6123046875
6.079996	2.548828125
6.090004	2.5048828125
6.100004	2.4853515625
6.110004	2.5048828125
6.119996	2.5390625
6.13	2.5927734375
6.139996	2.6513671875
6.150004	2.7587890625
6.159996	2.841796875
6.169996	2.96875
6.180004	3.056640625
6.190004	3.1591796875
6.200004	3.2421875
6.209996	3.2861328125
6.220004	3.33984375
6.230004	3.3447265625
6.240004	3.3544921875
6.249996	3.3154296875
6.259996	3.271484375
6.269996	3.203125
6.279996	3.1201171875
6.29	3.0322265625
6.299996	2.91015625
6.309996	2.822265625
6.319996	2.7099609375
6.329996	2.6513671875
6.339996	2.568359375
6.349996	2.5341796875
6.359996	2.509765625
6.370004	2.5146484375
6.379996	2.5390625
6.389996	2.5732421875
6.399996	2.666015625
6.410004	2.7294921875
6.419996	2.83203125
6.429996	2.9248046875
6.439996	3.037109375
6.450004	3.1298828125
6.459996	3.1884765625
6.469996	3.2763671875
6.479996	3.3056640625
6.490004	3.3447265625
6.500004	3.3251953125
6.509996	3.3251953125
6.520004	3.2666015625
6.530004	3.2177734375
6.540004	3.1396484375
6.549996	3.0322265625
6.559996	2.9541015625
6.569996	2.8369140625
6.579996	2.7685546875
6.59	2.666015625
6.599996	2.6171875
6.609996	2.5634765625
6.619996	2.5390625
6.629996	2.529296875
6.639996	2.5341796875
6.649996	2.5927734375
6.659996	2.6416015625
6.669996	2.7294921875
6.68	2.8076171875
6.689996	2.91015625
6.699996	3.0126953125
6.709996	3.095703125
6.719996	3.173828125
6.730004	3.232421875
6.740004	3.291015625
6.750004	3.310546875
6.759996	3.3251953125
6.77	3.3056640625
6.779996	3.28125
6.790004	3.2275390625
6.799996	3.134765625
6.809996	3.06640625
6.820004	2.9638671875
6.830004	2.8857421875
6.840004	2.7783203125
6.849996	2.705078125
6.860004	2.6416015625
6.870004	2.587890625
6.880004	2.55859375
6.889996	2.5341796875
6.899996	2.55859375
6.909996	2.5830078125
6.919996	2.6513671875
6.93	2.705078125
6.939996	2.7978515625
6.949996	2.890625
6.959996	2.978515625
6.969996	3.06640625
6.979996	3.1298828125
6.989996	3.22265625
6.999996	3.2470703125
7.010004	3.3056640625
7.019996	3.2958984375
7.029996	3.3056640625
7.039996	3.2763671875
7.050004	3.2080078125
7.059996	3.154296875
7.069996	3.0712890625
7.079996	3.0029296875
7.090004	2.8955078125
7.099996	2.8271484375
7.109996	2.734375
7.119996	2.666015625
7.130004	2.6220703125
7.140004	2.5634765625
7.149996	2.5634765625
7.160004	2.55859375
7.170004	2.59765625
7.180004	2.6318359375
7.189996	2.7001953125
7.199996	2.783203125
7.209996	2.8662109375
7.219996	2.9541015625
7.23	3.0322265625
7.239996	3.125
7.249996	3.1787109375
7.259996	3.2421875
7.269996	3.271484375
7.279996	3.291015625
7.289996	3.2958984375
7.299996	3.26171875
7.309996	3.232421875
7.32	3.1494140625
7.329996	3.1005859375
7.339996	2.998046875
7.349996	2.9345703125
7.359996	2.83203125
7.370004	2.7685546875
7.380004	2.6953125
7.390004	2.626953125
7.399996	2.59765625
7.41	2.5634765625
7.419996	2.578125
7.430004	2.587890625
7.439996	2.6416015625
7.449996	2.6904296875
7.460004	2.7685546875
7.470004	2.841796875
7.480004	2.91015625
7.489996	3.017578125
7.500004	3.076171875
7.510004	3.1689453125
7.520004	3.2080078125
7.529996	3.26171875
7.539996	3.2763671875
7.549996	3.2861328125
7.559996	3.26171875
7.57	3.22265625
7.579996	3.1787109375
7.589996	3.095703125
7.599996	3.037109375
7.609996	2.9443359375
7.619996	2.87109375
7.629996	2.802734375
7.639996	2.7001953125
7.650004	2.666015625
7.659996	2.6025390625
7.669996	2.59765625
7.679996	2.5732421875
7.690004	2.607421875
7.699996	2.6318359375
7.709996	2.6904296875
7.719996	2.75390625
7.730004	2.8125
7.739996	2.91015625
7.749996	2.978515625
7.759996	3.076171875
7.770004	3.125
7.780004	3.1982421875
7.789996	3.2421875
7.800004	3.2666015625
7.810004	3.2763671875
7.820004	3.2421875
7.829996	3.232421875
7.839996	3.1640625
7.849996	3.1201171875
7.859996	3.037109375
7.87	2.9736328125
7.879996	2.890625
7.889996	2.802734375
7.899996	2.7392578125
7.909996	2.6708984375
7.919996	2.6416015625
7.929996	2.6025390625
7.939996	2.607421875
7.949996	2.6171875
7.96	2.6513671875
7.969996	2.685546875
7.979996	2.724609375
7.989996	2.8173828125
7.999996	2.8759765625
8.010004	2.9736328125
8.020004	3.0322265625
8.030004	3.115234375
8.039996	3.1689453125
8.05	3.22265625
8.059996	3.251953125
8.070004	3.2470703125
8.079996	3.2568359375
8.089996	3.212890625
8.100004	3.1787109375
8.110004	3.125
8.120004	3.056640625
8.129996	2.98828125
8.140004	2.91015625
8.150004	2.83203125
8.160004	2.7490234375
8.169996	2.705078125
8.179996	2.6416015625
8.189996	2.63671875
8.199996	2.6123046875
8.21	2.626953125
8.219996	2.6416015625
8.229996	2.6708984375
8.239996	2.734375
8.249996	2.7880859375
8.259996	2.87109375
8.269996	2.939453125
8.279996	3.0224609375
8.290004	3.0908203125
8.299996	3.154296875
8.309996	3.2080078125
8.319996	3.2080078125
8.330004	3.2470703125
8.339996	3.22265625
8.349996	3.2275390625
8.359996	3.173828125
8.370004	3.1396484375
8.379996	3.0712890625
8.389996	3.0029296875
8.399996	2.9248046875
8.410004	2.8369140625
8.420004	2.7880859375
8.429996	2.71484375
8.440004	2.67578125
8.450004	2.63671875
8.460004	2.6318359375
8.469996	2.63671875
8.479996	2.6416015625
8.489996	2.6806640625
8.499996	2.71484375
8.51	2.7978515625
8.519996	2.8466796875
8.529996	2.939453125
8.539996	3.0029296875
8.549996	3.076171875
8.559996	3.1298828125
8.569996	3.1591796875
8.579996	3.2080078125
8.589996	3.2177734375
8.6	3.2373046875
8.609996	3.212890625
8.619996	3.18359375
8.629996	3.1396484375
8.639996	3.0810546875
8.650004	3.0224609375
8.660004	2.9248046875
8.670004	2.8759765625
8.679996	2.7880859375
8.69	2.744140625
8.699996	2.6806640625
8.710004	2.666015625
8.719996	2.6416015625
8.729996	2.646484375
8.740004	2.6513671875
8.750004	2.666015625
8.760004	2.7294921875
8.769996	2.7783203125
8.780004	2.841796875
8.790004	2.9150390625
8.800004	2.98828125
8.809996	3.056640625
8.819996	3.095703125
8.829996	3.1689453125
8.839996	3.18359375
8.85	3.22265625
8.859996	3.203125
8.869996	3.212890625
8.879996	3.1787109375
8.889996	3.1494140625
8.899996	3.0908203125
8.909996	3.017578125
8.919996	2.9638671875
8.930004	2.880859375
8.939996	2.8271484375
8.949996	2.763671875
8.959996	2.71484375
8.970004	2.67578125
8.979996	2.65625
8.989996	2.65625
8.999996	2.6513671875
9.010004	2.685546875
9.019996	2.705078125
9.029996	2.783203125
9.039996	2.8271484375
9.050004	2.91015625
9.060004	2.96875
9.069996	3.02734375
9.080004	3.095703125
9.090004	3.1396484375
9.100004	3.1884765625
9.109996	3.193359375
9.119996	3.212890625
9.129996	3.203125
9.139996	3.1787109375
9.15	3.1494140625
9.159996	3.076171875
9.169996	3.0419921875
9.179996	2.9541015625
9.189996	2.9150390625
9.199996	2.8271484375
9.209996	2.7880859375
9.219996	2.724609375
9.229996	2.6953125
9.24	2.666015625
9.249996	2.646484375
9.259996	2.6611328125
9.269996	2.6708984375
9.279996	2.7197265625
9.290004	2.763671875
9.300004	2.8271484375
9.310004	2.900390625
9.319996	2.958984375
9.33	3.02734375
9.339996	3.056640625
9.350004	3.134765625
9.359996	3.1494140625
9.369996	3.203125
9.380004	3.193359375
9.390004	3.203125
9.400004	3.1787109375
9.409996	3.134765625
9.420004	3.1005859375
9.430004	3.037109375
9.440004	2.9833984375
9.449996	2.91015625
9.459996	2.8515625
9.469996	2.7978515625
9.479996	2.744140625
9.49	2.705078125
9.499996	2.666015625
9.509996	2.666015625
9.519996	2.6611328125
9.529996	2.6904296875
9.539996	2.705078125
9.549996	2.7685546875
9.559996	2.8173828125
9.570004	2.880859375
9.579996	2.94921875
9.589996	2.998046875
9.599996	3.06640625
9.610004	3.10546875
9.619996	3.1494140625
9.629996	3.173828125
9.639996	3.1982421875
9.650004	3.1982421875
9.659996	3.1591796875
9.669996	3.154296875
9.679996	3.0859375
9.690004	3.056640625
9.700004	2.978515625
9.709996	2.9443359375
9.720004	2.861328125
9.730004	2.822265625
9.740004	2.763671875
9.749996	2.705078125
9.759996	2.685546875
9.769996	2.6611328125
9.779996	2.6806640625
9.79	2.6806640625
9.799996	2.7197265625
9.809996	2.7685546875
9.819996	2.8076171875
9.829996	2.8662109375
9.839996	2.9150390625
9.849996	2.998046875
9.859996	3.0322265625
9.869996	3.10546875
9.88	3.125
9.889996	3.1689453125
9.899996	3.1787109375
9.909996	3.173828125
9.919996	3.1689453125
9.930004	3.134765625
9.940004	3.1103515625
9.950004	3.0517578125
9.959996	3.0029296875
9.97	2.9443359375
9.979996	2.880859375
9.990004	2.8271484375
9.999996	2.7685546875
10.009996	2.7392578125
10.020004	2.685546875
10.030004	2.6904296875
10.040004	2.6708984375
10.049996	2.6953125
10.060004	2.7197265625
10.070004	2.763671875
10.080004	2.8076171875
10.089996	2.8466796875
10.099996	2.919921875
10.109996	2.96875
10.119996	3.037109375
10.13	3.0810546875
10.139996	3.125
10.149996	3.1591796875
10.159996	3.173828125
10.169996	3.18359375
10.179996	3.14453125
10.189996	3.154296875
10.199996	3.095703125
10.210004	3.0712890625
10.219996	3.0029296875
10.229996	2.9638671875
10.239996	2.900390625
10.250004	2.8271484375
10.259996	2.79296875
10.269996	2.734375
10.279996	2.71484375
10.290004	2.685546875
10.299996	2.6904296875
10.309996	2.6953125
10.319996	2.7197265625
10.330004	2.763671875
10.340004	2.783203125
10.349996	2.8466796875
10.360004	2.890625
10.370004	2.96875
10.380004	3.0126953125
10.389996	3.076171875
10.399996	3.1103515625
10.409996	3.1494140625
10.419996	3.1591796875
10.43	3.154296875
10.439996	3.1640625
10.449996	3.134765625
10.459996	3.1103515625
10.469996	3.06640625
10.479996	3.017578125
10.489996	2.96875
10.499996	2.890625
10.509996	2.8564453125
10.52	2.7880859375
10.529996	2.7685546875
10.539996	2.71484375
10.549996	2.7099609375
10.559996	2.6904296875
10.570004	2.705078125
10.580004	2.7294921875
10.590004	2.7392578125
10.599996	2.7978515625
10.61	2.8271484375
10.619996	2.900390625
10.630004	2.94921875
10.639996	3.0126953125
10.649996	3.0517578125
10.660004	3.1005859375
10.670004	3.1396484375
10.680004	3.1298828125
10.689996	3.173828125
10.700004	3.134765625
10.710004	3.14453125
10.720004	3.1005859375
10.729996	3.0810546875
10.739996	3.0224609375
10.749996	2.9833984375
10.759996	2.9248046875
10.77	2.8564453125
10.779996	2.8173828125
10.789996	2.7685546875
10.799996	2.7392578125
10.809996	2.7099609375
10.819996	2.6953125
10.829996	2.7099609375
10.839996	2.7099609375
10.850004	2.75390625
10.859996	2.7783203125
10.869996	2.841796875
10.879996	2.8759765625
10.890004	2.9541015625
10.899996	2.98828125
10.909996	3.0517578125
10.919996	3.0859375
10.930004	3.1103515625
10.939996	3.1396484375
10.949996	3.14453125
10.959996	3.1494140625
10.970004	3.1298828125
10.980004	3.1103515625
10.989996	3.0859375
11.000004	3.037109375
11.010004	2.98828125
11.020004	2.9150390625
11.029996	2.8759765625
11.039996	2.8076171875
11.049996	2.79296875
11.059996	2.7392578125
11.07	2.734375
11.079996	2.71484375
11.089996	2.7001953125
11.099996	2.724609375
11.109996	2.744140625
11.119996	2.7880859375
11.129996	2.822265625
11.139996	2.880859375
11.149996	2.9345703125
11.16	2.9833984375
11.169996	3.0419921875
11.179996	3.056640625
11.189996	3.115234375
11.199996	3.115234375
11.210004	3.154296875
11.220004	3.134765625
11.230004	3.14453125
11.239996	3.115234375
11.25	3.0810546875
11.259996	3.0419921875
11.270004	2.9736328125
11.279996	2.9443359375
11.289996	2.8759765625
11.300004	2.8369140625
11.310004	2.79296875
11.320004	2.7587890625
11.329996	2.7392578125
11.340004	2.705078125
11.350004	2.724609375
11.360004	2.71484375
11.369996	2.7587890625
11.379996	2.7734375
11.389996	2.83203125
11.399996	2.87109375
11.41	2.9296875
11.419996	2.9736328125
11.429996	3.0126953125
11.439996	3.0615234375
11.449996	3.0908203125
11.459996	3.125
11.469996	3.1396484375
11.479996	3.14453125
11.490004	3.134765625
11.499996	3.115234375
11.509996	3.095703125
11.519996	3.02734375
11.530004	3.0029296875
11.539996	2.939453125
11.549996	2.9052734375
11.559996	2.83203125
11.570004	2.8076171875
11.579996	2.7734375
11.589996	2.75390625
11.599996	2.734375
11.610004	2.71484375
11.620004	2.7392578125
11.629996	2.744140625
11.640004	2.783203125
11.650004	2.8173828125
11.660004	2.8564453125
11.669996	2.919921875
11.679996	2.9443359375
11.689996	3.017578125
11.699996	3.037109375
11.71	3.095703125
11.719996	3.1005859375
11.729996	3.1396484375
11.739996	3.125
11.749996	3.134765625
11.759996	3.1103515625
11.769996	3.0712890625
11.779996	3.046875
11.789996	2.998046875
11.8	2.958984375
11.809996	2.9052734375
11.819996	2.8564453125
11.829996	2.822265625
11.839996	2.79296875
11.850004	2.7587890625
11.860004	2.724609375
11.870004	2.7392578125
11.879996	2.7197265625
11.89	2.7587890625
11.899996	2.7783203125
11.910004	2.822265625
11.919996	2.8515625
11.929996	2.8955078125
11.940004	2.958984375
11.950004	2.9931640625
11.960004	3.046875
11.969996	3.0712890625
11.980004	3.10546875
11.990004	3.125
12.000004	3.125
12.009996	3.134765625
12.019996	3.0859375
12.029996	3.0908203125
12.039996	3.0322265625
12.05	3.017578125
12.059996	2.958984375
12.069996	2.9150390625
12.079996	2.861328125
12.089996	2.8271484375
12.099996	2.79296875
12.109996	2.75390625
12.119996	2.744140625
12.130004	2.7294921875
12.139996	2.734375
12.149996	2.75390625
12.159996	2.783203125
12.170004	2.8173828125
12.179996	2.8515625
12.189996	2.91015625
12.199996	2.9345703125
12.210004	3.0029296875
12.219996	3.017578125
12.229996	3.076171875
12.239996	3.0908203125
12.250004	3.1201171875
12.260004	3.1298828125
12.269996	3.10546875
12.280004	3.10546875
12.290004	3.0810546875
12.300004	3.056640625
12.309996	3.0078125
12.319996	2.9736328125
12.329996	2.9248046875
12.339996	2.87109375
12.35	2.8369140625
12.359996	2.783203125
12.369996	2.7783203125
12.379996	2.734375
12.389996	2.744140625
12.399996	2.7294921875
12.409996	2.7587890625
12.419996	2.783203125
12.429996	2.822265625
12.44	2.8466796875
12.449996	2.8857421875
12.459996	2.9443359375
12.469996	2.9736328125
12.479996	3.02734375
12.490004	3.056640625
12.500004	3.0908203125
12.510004	3.1201171875
12.519996	3.1005859375
12.53	3.1201171875
12.539996	3.0908203125
12.550004	3.095703125
12.559996	3.0419921875
12.569996	3.02734375
12.580004	2.96875
12.590004	2.939453125
12.600004	2.8857421875
12.609996	2.83203125
12.620004	2.8076171875
12.630004	2.7734375
12.640004	2.7587890625
12.649996	2.7392578125
12.659996	2.744140625
12.669996	2.7587890625
12.679996	2.7880859375
12.69	2.8125
12.699996	2.822265625
12.709996	2.8955078125
12.719996	2.919921875
12.729996	2.98828125
12.739996	3.0029296875
12.749996	3.0615234375
12.759996	3.0810546875
12.770004	3.115234375
12.779996	3.1103515625
12.789996	3.1005859375
12.799996	3.1005859375
12.810004	3.0810546875
12.819996	3.056640625
12.829996	3.017578125
12.839996	2.98828125
12.850004	2.94921875
12.859996	2.880859375
12.869996	2.8515625
12.879996	2.802734375
12.890004	2.79296875
12.900004	2.7490234375
12.909996	2.7587890625
12.920004	2.7490234375
12.930004	2.763671875
12.940004	2.7880859375
12.949996	2.802734375
12.959996	2.841796875
12.969996	2.87109375
12.979996	2.9150390625
12.99	2.9638671875
12.999996	3.0126953125
13.009996	3.0517578125
13.019996	3.0712890625
13.029996	3.1005859375
13.039996	3.0908203125
13.049996	3.1201171875
13.059996	3.0859375
13.069996	3.0908203125
13.08	3.046875
13.089996	3.037109375
13.099996	2.98828125
13.109996	2.9345703125
13.119996	2.900390625
13.130004	2.8466796875
13.140004	2.822265625
13.150004	2.7880859375
13.159996	2.7783203125
13.17	2.75390625
13.179996	2.75390625
13.190004	2.7734375
13.199996	2.7685546875
13.209996	2.8125
13.220004	2.8173828125
13.230004	2.880859375
13.240004	2.9052734375
13.249996	2.9638671875
13.260004	2.9931640625
13.270004	3.046875
13.280004	3.06640625
13.289996	3.0810546875
13.299996	3.10546875
13.309996	3.095703125
13.319996	3.1005859375
13.33	3.076171875
13.339996	3.056640625
13.349996	3.0322265625
13.359996	2.9736328125
13.369996	2.958984375
13.379996	2.8955078125
13.389996	2.8759765625
13.399996	2.8173828125
13.410004	2.8076171875
13.419996	2.7734375
13.429996	2.7685546875
13.439996	2.7587890625
13.450004	2.75390625
13.459996	2.783203125
13.469996	2.79296875
13.479996	2.83203125
13.490004	2.861328125
13.499996	2.91015625
13.509996	2.958984375
13.519996	2.9931640625
13.530004	3.0419921875
13.540004	3.0419921875
13.549996	3.1005859375
13.560004	3.076171875
13.570004	3.1103515625
13.580004	3.0859375
13.589996	3.0908203125
13.599996	3.056640625
13.609996	3.046875
13.619996	2.9931640625
13.63	2.94921875
13.639996	2.9150390625
13.649996	2.861328125
13.659996	2.8369140625
13.669996	2.8076171875
13.679996	2.79296875
13.689996	2.7783203125
13.699996	2.744140625
13.709996	2.7783203125
13.72	2.7685546875
13.729996	2.8076171875
13.739996	2.822265625
13.749996	2.87109375
13.759996	2.900390625
13.770004	2.9541015625
13.780004	2.978515625
13.790004	3.0126953125
13.799996	3.046875
13.81	3.0712890625
13.819996	3.0859375
13.830004	3.095703125
13.839996	3.0908203125
13.849996	3.0908203125
13.860004	3.056640625
13.870004	3.0419921875
13.880004	2.978515625
13.889996	2.96875
13.900004	2.91015625
13.910004	2.890625
13.920004	2.83203125
13.929996	2.8271484375
13.939996	2.802734375
13.949996	2.7734375
13.959996	2.7685546875
13.97	2.7685546875
13.979996	2.783203125
13.989996	2.79296875
13.999996	2.83203125
14.009996	2.8564453125
14.019996	2.900390625
14.029996	2.9541015625
14.039996	2.958984375
14.050004	3.0224609375
14.059996	3.0322265625
14.069996	3.076171875
14.079996	3.076171875
14.090004	3.10546875
14.099996	3.0859375
14.109996	3.0908203125
14.119996	3.0615234375
14.130004	3.02734375
14.139996	3.0029296875
14.149996	2.958984375
14.159996	2.9248046875
14.170004	2.8857421875
14.180004	2.8466796875
14.189996	2.8271484375
14.200004	2.7978515625
14.210004	2.79296875
14.220004	2.763671875
14.229996	2.783203125
14.239996	2.7685546875
14.249996	2.8076171875
14.259996	2.822265625
14.27	2.861328125
14.279996	2.900390625
14.289996	2.9296875
14.299996	2.9736328125
14.309996	3.0029296875
14.319996	3.037109375
14.329996	3.056640625
14.339996	3.0810546875
14.349996	3.0908203125
14.36	3.0908203125
14.369996	3.0859375
14.379996	3.0419921875
14.389996	3.0517578125
14.399996	2.9931640625
14.410004	2.978515625
14.420004	2.9248046875
14.430004	2.9052734375
14.439996	2.8515625
14.45	2.83203125
14.459996	2.8076171875
14.470004	2.7783203125
14.479996	2.79296875
14.489996	2.7783203125
14.500004	2.79296875
14.510004	2.802734375
14.520004	2.822265625
14.529996	2.861328125
14.540004	2.880859375
14.550004	2.939453125
14.560004	2.9541015625
14.569996	3.0078125
14.579996	3.0224609375
14.589996	3.06640625
14.599996	3.06640625
14.61	3.095703125
14.619996	3.0859375
14.629996	3.06640625
14.639996	3.0615234375
14.649996	3.037109375
14.659996	3.0078125
14.669996	2.96875
14.679996	2.9443359375
14.690004	2.900390625
14.699996	2.861328125
14.709996	2.841796875
14.719996	2.7978515625
14.730004	2.7978515625
14.739996	2.7685546875
14.749996	2.79296875
14.759996	2.783203125
14.770004	2.8076171875
14.779996	2.822265625
14.789996	2.8564453125
14.799996	2.8857421875
14.810004	2.919921875
14.820004	2.9638671875
14.829996	2.98828125
14.840004	3.02734375
14.850004	3.046875
14.860004	3.06640625
14.869996	3.0859375
14.879996	3.06640625
14.889996	3.0810546875
14.899996	3.0419921875
14.91	3.046875
14.919996	2.998046875
14.929996	2.98828125
14.939996	2.939453125
14.949996	2.9150390625
14.959996	2.87109375
14.969996	2.8271484375
14.979996	2.8173828125
14.989996	2.7880859375
15.0	2.7880859375
15.009996	2.783203125
15.019996	2.7978515625
15.029996	2.8125
15.039996	2.822265625
15.050004	2.8564453125
15.060004	2.87109375
15.070004	2.9248046875
15.079996	2.9443359375
15.09	2.9931640625
15.099996	3.0126953125
15.110004	3.056640625
15.119996	3.0615234375
15.129996	3.0615234375
15.140004	3.0712890625
15.150004	3.0615234375
15.160004	3.0615234375
15.169996	3.037109375
15.180004	3.0126953125
15.190004	2.98828125
15.200004	2.9541015625
15.209996	2.919921875
15.219996	2.861328125
15.229996	2.8515625
15.239996	2.8125
15.25	2.8076171875
15.259996	2.783203125
15.269996	2.7978515625
15.279996	2.7978515625
15.289996	2.8125
15.299996	2.8271484375
15.309996	2.8369140625
15.319996	2.880859375
15.330004	2.91015625
15.339996	2.9541015625
15.349996	2.978515625
15.359996	3.0126953125
15.370004	3.0517578125
15.379996	3.037109375
15.389996	3.076171875
15.399996	3.056640625
15.410004	3.076171875
15.419996	3.0419921875
15.429996	3.0517578125
15.439996	3.0029296875
15.450004	2.998046875
15.460004	2.9541015625
15.469996	2.91015625
15.480004	2.8857421875
15.490004	2.8369140625
15.500004	2.822265625
15.509996	2.7978515625
15.519996	2.7978515625
15.529996	2.79296875
15.539996	2.7978515625
15.55	2.8125
15.559996	2.8076171875
15.569996	2.8515625
15.579996	2.8662109375
15.589996	2.919921875
15.599996	2.9345703125
15.609996	2.9833984375
15.619996	3.0078125
15.629996	3.046875
15.64	3.0517578125
15.649996	3.056640625
15.659996	3.06640625
15.669996	3.056640625
15.679996	3.0517578125
15.690004	3.0419921875
15.700004	3.017578125
15.710004	2.9931640625
15.719996	2.939453125
15.73	2.9296875
15.739996	2.8759765625
15.750004	2.8564453125
15.759996	2.8173828125
15.769996	2.8173828125
15.780004	2.7978515625
15.790004	2.802734375
15.800004	2.7978515625
15.809996	2.7978515625
15.820004	2.822265625
15.830004	2.8369140625
15.840004	2.87109375
15.849996	2.9052734375
15.859996	2.9443359375
15.869996	2.978515625
15.879996	3.0078125
15.89	3.046875
15.899996	3.0322265625
15.909996	3.0712890625
15.919996	3.0517578125
15.929996	3.0712890625
15.939996	3.0419921875
15.949996	3.0517578125
15.959996	3.0126953125
15.970004	2.9736328125
15.979996	2.958984375
15.989996	2.919921875
15.999996	2.8955078125
16.010004	2.8515625
16.019996	2.8369140625
16.029996	2.8173828125
16.039996	2.802734375
16.050004	2.802734375
16.059996	2.783203125
16.069996	2.8125
16.079996	2.8076171875
16.090004	2.8466796875
16.100004	2.8564453125
16.109996	2.91015625
16.120004	2.939453125
16.130004	2.96875
16.140004	2.9931640625
16.149996	3.017578125
16.159996	3.0419921875
16.169996	3.046875
16.179996	3.0615234375
16.19	3.056640625
16.199996	3.0615234375
16.209996	3.056640625
16.219996	3.017578125
16.229996	2.998046875
16.239996	2.9443359375
16.249996	2.939453125
16.259996	2.8857421875
16.269996	2.87109375
16.28	2.8271484375
16.289996	2.8271484375
16.299996	2.8076171875
16.309996	2.79296875
16.319996	2.7978515625
16.330004	2.802734375
16.340004	2.822265625
16.350004	2.8369140625
16.359996	2.87109375
16.37	2.9052734375
16.379996	2.9296875
16.390004	2.9736328125
16.399996	2.9736328125
16.409996	3.037109375
16.420004	3.02734375
16.430004	3.0615234375
16.440004	3.046875
16.449996	3.06640625
16.460004	3.0517578125
16.470004	3.0517578125
16.480004	3.0224609375
16.489996	2.9833984375
16.499996	2.9638671875
16.509996	2.9248046875
16.519996	2.9052734375
16.53	2.87109375
16.539996	2.8515625
16.549996	2.8369140625
16.559996	2.7978515625
16.569996	2.8125
16.579996	2.79296875
16.589996	2.8125
16.599996	2.8125
16.610004	2.8515625
16.619996	2.8662109375
16.629996	2.9052734375
16.639996	2.9296875
16.650004	2.9541015625
16.659996	2.9833984375
16.669996	3.0078125
16.679996	3.037109375
16.690004	3.046875
16.699996	3.056640625
16.709996	3.06640625
16.719996	3.0517578125
16.730004	3.046875
16.740004	3.0029296875
16.749996	3.0029296875
16.760004	2.9541015625
16.770004	2.94921875
16.780004	2.8955078125
16.789996	2.8857421875
16.799996	2.8466796875
16.809996	2.8173828125
16.819996	2.8173828125
16.83	2.7978515625
16.839996	2.8076171875
16.849996	2.8076171875
16.859996	2.822265625
16.869996	2.841796875
16.879996	2.8662109375
16.889996	2.9052734375
16.899996	2.91015625
16.909996	2.9638671875
16.92	2.96875
16.929996	3.0224609375
16.939996	3.0224609375
16.949996	3.056640625
16.959996	3.046875
16.970004	3.0615234375
16.980004	3.046875
16.990004	3.0322265625
16.999996	3.017578125
17.01	2.98828125
17.019996	2.96875
17.030004	2.9345703125
17.039996	2.91015625
17.049996	2.8857421875
17.060004	2.8564453125
17.070004	2.8369140625
17.080004	2.802734375
17.089996	2.8173828125
17.100004	2.79296875
17.110004	2.822265625
17.120004	2.8173828125
17.129996	2.8466796875
17.139996	2.8662109375
17.149996	2.8857421875
17.159996	2.9248046875
17.17	2.94921875
17.179996	2.978515625
17.189996	3.0029296875
17.199996	3.02734375
17.209996	3.046875
17.219996	3.0517578125
17.229996	3.0615234375
17.239996	3.0322265625
17.250004	3.046875
17.259996	3.0078125
17.269996	3.0029296875
17.279996	2.958984375
17.290004	2.9541015625
17.299996	2.91015625
17.309996	2.890625
17.319996	2.8515625
17.330004	2.8271484375
17.339996	2.8173828125
17.349996	2.8076171875
17.359996	2.8076171875
17.370004	2.8173828125
17.380004	2.822265625
17.389996	2.8515625
17.400004	2.8466796875
17.410004	2.9052734375
17.420004	2.900390625
17.429996	2.9638671875
17.439996	2.96875
17.449996	3.017578125
17.459996	3.0126953125
17.47	3.0517578125
17.479996	3.046875
17.489996	3.037109375
17.499996	3.046875
17.509996	3.0322265625
17.519996	3.0224609375
17.529996	2.9931640625
17.539996	2.978515625
17.549996	2.94921875
17.56	2.9150390625
17.569996	2.8955078125
17.579996	2.8515625
17.589996	2.8466796875
17.599996	2.8125
17.610004	2.822265625
17.620004	2.8076171875
17.630004	2.8271484375
17.639996	2.822265625
17.65	2.8515625
17.659996	2.8564453125
17.670004	2.8857421875
17.679996	2.919921875
17.689996	2.939453125
17.700004	2.96875
17.710004	2.9931640625
17.720004	3.017578125
17.729996	3.0419921875
17.740004	3.02734375
17.750004	3.056640625
17.760004	3.0322265625
17.769996	3.0517578125
17.779996	3.0029296875
17.789996	3.0078125
17.799996	2.96875
17.81	2.9638671875
17.819996	2.9150390625
17.829996	2.8857421875
17.839996	2.861328125
17.849996	2.8369140625
17.859996	2.8271484375
17.869996	2.8173828125
17.879996	2.8173828125
17.890004	2.8271484375
17.899996	2.8271484375
17.909996	2.8515625
17.919996	2.8369140625
17.930004	2.900390625
17.939996	2.8955078125
17.949996	2.9541015625
17.959996	2.9541015625
17.970004	2.998046875
17.979996	3.017578125
17.989996	3.0224609375
17.999996	3.037109375
18.010004	3.037109375
18.020004	3.0419921875
18.029996	3.0322265625
18.040004	3.0224609375
18.050004	3.0029296875
18.060004	2.9833984375
18.069996	2.958984375
18.079996	2.91015625
18.089996	2.9052734375
18.099996	2.861328125
18.11	2.8515625
18.119996	2.822265625
18.129996	2.8271484375
18.139996	2.8125
18.149996	2.83203125
18.159996	2.822265625
18.169996	2.8369140625
18.179996	2.8564453125
18.189996	2.880859375
18.2	2.91015625
18.209996	2.939453125
18.219996	2.9638671875
18.229996	2.998046875
18.239996	3.0126953125
18.250004	3.046875
18.260004	3.0224609375
18.270004	3.0517578125
18.279996	3.02734375
18.29	3.046875
18.299996	3.017578125
18.310004	3.0126953125
18.319996	2.978515625
18.329996	2.9443359375
18.340004	2.9248046875
18.350004	2.890625
18.360004	2.87109375
18.369996	2.841796875
18.380004	2.8369140625
18.390004	2.8271484375
18.400004	2.8173828125
18.409996	2.8271484375
18.419996	2.8125
18.429996	2.8515625
18.439996	2.841796875
18.45	2.8857421875
18.459996	2.900390625
18.469996	2.94921875
18.479996	2.9638671875
18.489996	2.9931640625
18.499996	3.0078125
18.509996	3.0126953125
18.519996	3.037109375
18.530004	3.037109375
18.539996	3.0419921875
18.549996	3.037109375
18.559996	3.0224609375
18.570004	3.0126953125
18.579996	2.9638671875
18.589996	2.9638671875
18.599996	2.9150390625
18.610004	2.9150390625
18.619996	2.8662109375
18.629996	2.861328125
18.639996	2.83203125
18.650004	2.83203125
18.660004	2.822265625
18.669996	2.8125
18.680004	2.8271484375
18.690004	2.83203125
18.700004	2.8564453125
18.709996	2.880859375
18.719996	2.9052734375
18.729996	2.9443359375
18.739996	2.958984375
18.75	2.998046875
18.759996	2.98828125
18.769996	3.02734375
18.779996	3.017578125
18.789996	3.046875
18.799996	3.02734375
18.809996	3.046875
18.819996	3.0224609375
18.829996	2.998046875
18.84	2.9833984375
18.849996	2.9541015625
18.859996	2.9345703125
18.869996	2.900390625
18.879996	2.8857421875
18.890004	2.8564453125
18.900004	2.841796875
18.910004	2.8369140625
18.919996	2.8076171875
18.93	2.8271484375
18.939996	2.8125
18.950004	2.8466796875
18.959996	2.841796875
18.969996	2.890625
18.980004	2.8955078125
18.990004	2.939453125
19.000004	2.958984375
19.009996	2.978515625
19.020004	3.0029296875
19.030004	3.017578125
19.040004	3.0322265625
19.049996	3.037109375
19.059996	3.0419921875
19.069996	3.046875
19.079996	3.0224609375
19.09	3.0126953125
19.099996	2.9638671875
19.109996	2.9638671875
19.119996	2.9248046875
19.129996	2.9150390625
19.139996	2.8857421875
19.149996	2.8759765625
19.159996	2.841796875
19.170004	2.8271484375
19.179996	2.822265625
19.189996	2.8173828125
19.199996	2.83203125
19.210004	2.83203125
19.219996	2.8515625
19.229996	2.880859375
19.239996	2.900390625
19.250004	2.9345703125
19.259996	2.939453125
19.269996	2.9931640625
19.279996	2.9833984375
19.290004	3.0322265625
19.300004	3.017578125
19.309996	3.0419921875
19.320004	3.037109375
19.330004	3.0419921875
19.340004	3.0224609375
19.349996	2.998046875
19.359996	2.978515625
19.369996	2.958984375
19.379996	2.9443359375
19.39	2.9052734375
19.399996	2.8955078125
19.409996	2.87109375
19.419996	2.8271484375
19.429996	2.8466796875
19.439996	2.8173828125
19.449996	2.8369140625
19.459996	2.8173828125
19.469996	2.8515625
19.48	2.8466796875
19.489996	2.880859375
19.499996	2.9052734375
19.509996	2.9150390625
19.519996	2.9541015625
19.530004	2.9638671875
19.540004	2.98828125
19.550004	3.0126953125
19.559996	3.02734375
19.57	3.037109375
19.579996	3.037109375
19.590004	3.037109375
19.599996	3.0029296875
19.609996	3.0126953125
19.620004	2.96875
19.630004	2.9736328125
19.640004	2.9296875
19.649996	2.9248046875
19.660004	2.8857421875
19.670004	2.8759765625
19.680004	2.8515625
19.689996	2.83203125
19.699996	2.83203125
19.709996	2.8271484375
19.719996	2.83203125
19.73	2.841796875
19.739996	2.8564453125
19.749996	2.880859375
19.759996	2.8857421875
19.769996	2.9345703125
19.779996	2.9345703125
19.789996	2.978515625
19.799996	2.978515625
19.810004	3.0224609375
19.819996	3.017578125
19.829996	3.0419921875
19.839996	3.0322265625
19.850004	3.017578125
19.859996	3.0224609375
19.869996	2.998046875
19.879996	2.9833984375
19.890004	2.9638671875
19.899996	2.9443359375
19.909996	2.919921875
19.919996	2.900390625
19.930004	2.8759765625
19.940004	2.841796875
19.949996	2.8515625
19.960004	2.822265625
19.970004	2.841796875
19.980004	2.8271484375
19.989996	2.8515625
19.999996	2.8564453125
20.009996	2.8662109375
20.019996	2.900390625
20.03	2.91015625
20.039996	2.9443359375
20.049996	2.96875
20.059996	2.98828125
20.069996	3.0078125
20.079996	3.017578125
20.089996	3.037109375
20.099996	3.0126953125
20.109996	3.037109375
20.12	3.0029296875
20.129996	3.0126953125
20.139996	2.9736328125
20.149996	2.9736328125
20.159996	2.9443359375
20.170004	2.9345703125
20.180004	2.900390625
20.190004	2.8662109375
20.199996	2.8564453125
20.21	2.8369140625
20.219996	2.83203125
20.230004	2.83203125
20.239996	2.83203125
20.249996	2.8515625
20.260004	2.841796875
20.270004	2.8857421875
20.280004	2.880859375
20.289996	2.9248046875
20.300004	2.9345703125
20.310004	2.96875
20.320004	2.978515625
20.329996	3.0126953125
20.339996	3.0126953125
20.349996	3.017578125
20.359996	3.02734375
20.37	3.017578125
20.379996	3.017578125
20.389996	3.0029296875
20.399996	2.9833984375
20.409996	2.9736328125
20.419996	2.94921875
20.429996	2.9296875
20.439996	2.880859375
20.450004	2.8857421875
20.459996	2.8466796875
20.469996	2.8466796875
20.479996	2.822265625
20.490004	2.841796875
20.499996	2.8369140625
20.509996	2.8564453125
20.519996	2.8564453125
20.530004	2.861328125
20.539996	2.900390625
20.549996	2.91015625
20.559996	2.9443359375
20.570004	2.9638671875
20.580004	2.978515625
20.589996	3.0078125
20.600004	2.9931640625
20.610004	3.0322265625
20.620004	3.0078125
20.629996	3.02734375
20.639996	2.998046875
20.649996	3.0126953125
20.659996	2.978515625
20.67	2.978515625
20.679996	2.94921875
20.689996	2.9150390625
20.699996	2.900390625
20.709996	2.880859375
20.719996	2.8564453125
20.729996	2.841796875
20.739996	2.8369140625
20.749996	2.841796875
20.76	2.8369140625
20.769996	2.8515625
20.779996	2.841796875
20.789996	2.8759765625
20.799996	2.880859375
20.810004	2.919921875
20.820004	2.9296875
20.830004	2.96875
20.839996	2.9833984375
20.85	2.98828125
20.859996	3.0126953125
20.870004	3.0126953125
20.879996	3.0224609375
20.889996	3.017578125
20.900004	3.017578125
20.910004	3.0078125
20.920004	2.98828125
20.929996	2.978515625
20.940004	2.9345703125
20.950004	2.9345703125
20.960004	2.890625
20.969996	2.8955078125
20.979996	2.8515625
20.989996	2.8564453125
20.999996	2.83203125
21.01	2.841796875
21.019996	2.841796875
21.029996	2.841796875
21.039996	2.8515625
21.049996	2.87109375
21.059996	2.8955078125
21.069996	2.91015625
21.079996	2.939453125
21.090004	2.96875
21.099996	2.9736328125
21.109996	3.0029296875
21.119996	2.9931640625
21.130004	3.02734375
21.139996	3.0029296875
21.149996	3.02734375
21.159996	3.0078125
21.170004	3.0078125
21.179996	2.98828125
21.189996	2.958984375
21.199996	2.9541015625
21.210004	2.919921875
21.220004	2.9150390625
21.229996	2.8759765625
21.240004	2.87109375
21.250004	2.8515625
21.260004	2.841796875
21.269996	2.8466796875
21.279996	2.8271484375
21.289996	2.8515625
21.299996	2.841796875
21.31	2.880859375
21.319996	2.8857421875
21.329996	2.9150390625
21.339996	2.939453125
21.349996	2.96875
21.359996	2.9736328125
21.369996	2.9833984375
21.379996	3.0029296875
21.389996	3.0078125
21.4	3.0224609375
21.409996	3.017578125
21.419996	3.017578125
21.429996	3.0126953125
21.439996	2.96875
21.450004	2.978515625
21.460004	2.939453125
21.470004	2.939453125
21.479996	2.8955078125
21.49	2.8955078125
21.499996	2.861328125
21.510004	2.861328125
21.519996	2.841796875
21.529996	2.8369140625
21.540004	2.8369140625
21.550004	2.8369140625
21.560004	2.8515625
21.569996	2.8662109375
21.580004	2.8955078125
21.590004	2.91015625
21.600004	2.9345703125
21.609996	2.9638671875
21.619996	2.9541015625
21.629996	2.9931640625
21.639996	2.98828125
21.65	3.0224609375
21.659996	3.0078125
21.669996	3.037109375
21.679996	3.017578125
21.689996	3.0126953125
21.699996	2.98828125
21.709996	2.9638671875
21.719996	2.9541015625
21.730004	2.9296875
21.739996	2.9150390625
21.749996	2.8955078125
21.759996	2.8662109375
21.770004	2.8662109375
21.779996	2.83203125
21.789996	2.8466796875
21.799996	2.8271484375
21.810004	2.8564453125
21.819996	2.841796875
21.829996	2.8759765625
21.839996	2.8857421875
21.850004	2.9150390625
21.860004	2.9296875
21.869996	2.94921875
21.880004	2.96875
21.890004	2.9736328125
21.900004	3.0029296875
21.909996	3.0078125
21.919996	3.017578125
21.929996	3.02734375
21.939996	3.0126953125
21.95	3.0126953125
21.959996	2.96875
21.969996	2.978515625
21.979996	2.9443359375
21.989996	2.9443359375
21.999996	2.9052734375
22.009996	2.9052734375
22.019996	2.8759765625
22.029996	2.8515625
22.04	2.8466796875
22.049996	2.8369140625
22.059996	2.8466796875
22.069996	2.841796875
22.079996	2.8564453125
22.090004	2.87109375
22.100004	2.890625
22.110004	2.9150390625
22.119996	2.91015625
22.13	2.9541015625
22.139996	2.94921875
22.150004	3.0029296875
22.159996	2.98828125
22.169996	3.017578125
22.180004	3.0126953125
22.190004	3.0224609375
22.200004	3.0078125
22.209996	2.998046875
22.220004	2.9833984375
22.230004	2.9638671875
22.240004	2.9541015625
22.249996	2.9345703125
22.259996	2.9150390625
22.269996	2.91015625
22.279996	2.861328125
22.29	2.87109375
22.299996	2.8369140625
22.309996	2.8515625
22.319996	2.83203125
22.329996	2.8564453125
22.339996	2.8466796875
22.349996	2.8759765625
22.359996	2.890625
22.370004	2.8955078125
22.379996	2.9248046875
22.389996	2.94921875
22.399996	2.96875
22.410004	2.9833984375
22.419996	2.9931640625
22.429996	3.0126953125
22.439996	3.0126953125
22.450004	3.0224609375
22.459996	2.9931640625
22.469996	3.0126953125
22.479996	2.9736328125
22.490004	2.9833984375
22.500004	2.9443359375
22.509996	2.9541015625
22.520004	2.919921875
22.530004	2.91015625
22.540004	2.880859375
22.549996	2.8564453125
22.559996	2.8515625
22.569996	2.841796875
22.579996	2.8466796875
22.59	2.8515625
22.599996	2.8564453125
22.609996	2.8759765625
22.619996	2.8759765625
22.629996	2.9150390625
22.639996	2.9052734375
22.649996	2.958984375
22.659996	2.94921875
22.669996	2.98828125
22.68	2.98828125
22.689996	3.0126953125
22.699996	3.0126953125
22.709996	3.0029296875
22.719996	3.0078125
22.730004	2.998046875
22.740004	2.9833984375
22.750004	2.9736328125
22.759996	2.9541015625
22.77	2.958984375
22.779996	2.9150390625
22.790004	2.9052734375
22.799996	2.87109375
22.809996	2.87109375
22.820004	2.8369140625
22.830004	2.8515625
22.840004	2.8369140625
22.849996	2.8564453125
22.860004	2.8564453125
22.870004	2.861328125
22.880004	2.890625
22.889996	2.8955078125
22.899996	2.9248046875
22.909996	2.939453125
22.919996	2.9638671875
22.93	2.978515625
22.939996	2.98828125
22.949996	3.0126953125
22.959996	2.9931640625
22.969996	3.0224609375
22.979996	2.9931640625
22.989996	3.0126953125
22.999996	2.9736328125
23.010004	2.98828125
23.019996	2.958984375
23.029996	2.9541015625
23.039996	2.9150390625
23.050004	2.890625
23.059996	2.8857421875
23.069996	2.861328125
23.079996	2.8564453125
23.090004	2.8466796875
23.099996	2.8466796875
23.109996	2.8564453125
23.119996	2.8564453125
23.130004	2.880859375
23.140004	2.87109375
23.149996	2.9150390625
23.160004	2.91015625
23.170004	2.9541015625
23.180004	2.94921875
23.189996	2.9833984375
23.199996	2.98828125
23.209996	2.998046875
23.219996	3.0126953125
23.23	3.0029296875
23.239996	3.0078125
23.249996	2.9931640625
23.259996	2.9833984375
23.269996	2.9833984375
23.279996	2.9541015625
23.289996	2.94921875
23.299996	2.9052734375
23.309996	2.91015625
23.32	2.87109375
23.329996	2.880859375
23.339996	2.841796875
23.349996	2.861328125
23.359996	2.8515625
23.370004	2.8564453125
23.380004	2.8564453125
23.390004	2.861328125
23.399996	2.8857421875
23.41	2.8955078125
23.419996	2.919921875
23.430004	2.939453125
23.439996	2.9541015625
23.449996	2.9833984375
23.460004	2.9736328125
23.470004	3.0078125
23.480004	2.9931640625
23.489996	3.017578125
23.500004	2.9931640625
23.510004	3.0078125
23.520004	2.9833984375
23.529996	2.98828125
23.539996	2.958984375
23.549996	2.9345703125
23.559996	2.9296875
23.57	2.900390625
23.579996	2.8857421875
23.589996	2.8662109375
23.599996	2.8564453125
23.609996	2.8564453125
23.619996	2.8515625
23.629996	2.8662109375
23.639996	2.8369140625
23.650004	2.8759765625
23.659996	2.87109375
23.669996	2.91015625
23.679996	2.91015625
23.690004	2.9541015625
23.699996	2.958984375
23.709996	2.978515625
23.719996	2.98828125
23.730004	2.98828125
23.739996	3.0029296875
23.749996	3.0029296875
23.759996	3.0029296875
23.770004	3.0029296875
23.780004	2.9833984375
23.789996	2.9833984375
23.800004	2.9443359375
23.810004	2.9541015625
23.820004	2.91015625
23.829996	2.9150390625
23.839996	2.8759765625
23.849996	2.8857421875
23.859996	2.8515625
23.87	2.861328125
23.879996	2.8564453125
23.889996	2.841796875
23.899996	2.8564453125
23.909996	2.8662109375
23.919996	2.890625
23.929996	2.900390625
23.939996	2.919921875
23.949996	2.94921875
